>    22LINE      Ultrabasic rocks nan       8
     117.5390413606        5.0501297853         .0000000000
     117.5413748527        5.0399472740         .0000000000
     117.5492238719        5.0346438827         .0000000000
     117.5585578406        5.0357045610         .0000000000
     117.5621641467        5.0439778514         .0000000000
     117.5577092980        5.0535239558         .0000000000
     117.5483753293        5.0554331766         .0000000000
     117.5390413606        5.0501297853         .0000000000
>    23LINE      Ultrabasic rocks nan       14
     117.4762492074        5.0874656602         .0000000000
     117.4717943587        5.0772831488         .0000000000
     117.4756128005        5.0685855871         .0000000000
     117.4843103622        5.0666763662         .0000000000
     117.4968263657        5.0741011141         .0000000000
     117.5050996562        5.0830108115         .0000000000
     117.5114637257        5.0927690515         .0000000000
     117.5144336249        5.1004059350         .0000000000
     117.5129486753        5.1067700045         .0000000000
     117.5061603344        5.1080428185         .0000000000
     117.4983113153        5.1010423419         .0000000000
     117.4885530753        5.0946782724         .0000000000
     117.4770977500        5.0870413889         .0000000000
     117.4762492074        5.0874656602         .0000000000
>    24LINE      Ultrabasic rocks nan       12
     117.3822731134        5.0140667244         .0000000000
     117.3873643690        5.0017628566         .0000000000
     117.3924556247        4.9964594652         .0000000000
     117.4053958995        4.9956109226         .0000000000
     117.4096386125        5.0053691626         .0000000000
     117.4056080351        5.0136424531         .0000000000
     117.4032745430        5.0195822514         .0000000000
     117.4003046438        5.0270069992         .0000000000
     117.3920313534        5.0284919488         .0000000000
     117.3829095203        5.0257341853         .0000000000
     117.3835459273        5.0157638096         .0000000000
     117.3822731134        5.0140667244         .0000000000
>    25LINE      Ultrabasic rocks nan       82
     117.3686964316        4.9385464321         .0000000000
     117.3563925637        4.9387585678         .0000000000
     117.3445129672        4.9408799243         .0000000000
     117.3373003550        4.9440619591         .0000000000
     117.3294513359        4.9446983660         .0000000000
     117.3292392002        4.9283639208         .0000000000
     117.3336940489        4.9226362582         .0000000000
     117.3515134437        4.9200906303         .0000000000
     117.3684842959        4.9186056808         .0000000000
     117.3810002994        4.9166964599         .0000000000
     117.3916070821        4.9156357816         .0000000000
     117.4013653221        4.9160600529         .0000000000
     117.4160026821        4.9141508321         .0000000000
     117.4353070265        4.9139386964         .0000000000
     117.4535506926        4.9162721886         .0000000000
     117.4703094091        4.9175450025         .0000000000
     117.4832496839        4.9175450025         .0000000000
     117.4961899587        4.9224241225         .0000000000
     117.5076452840        4.9273032425         .0000000000
     117.5159185744        4.9304852773         .0000000000
     117.5265253571        4.9360008043         .0000000000
     117.5339501049        4.9396071104         .0000000000
     117.5458297014        4.9449105017         .0000000000
     117.5611034684        4.9493653504         .0000000000
     117.5768015067        4.9523352495         .0000000000
     117.5861354754        4.9527595208         .0000000000
     117.6120160250        4.9574265052         .0000000000
     117.6268655207        4.9612449469         .0000000000
     117.6476548146        4.9637905748         .0000000000
     117.6565645120        4.9654876600         .0000000000
     117.6629285816        4.9673968808         .0000000000
     117.6658984808        4.9750337643         .0000000000
     117.6610193607        4.9847920044         .0000000000
     117.6550795625        4.9881861748         .0000000000
     117.6465941364        4.9881861748         .0000000000
     117.6366237607        4.9873376322         .0000000000
     117.6264412494        4.9892468531         .0000000000
     117.6192286372        4.9915803452         .0000000000
     117.6128645676        4.9958230583         .0000000000
     117.6077733120        5.0034599418         .0000000000
     117.6035305989        5.0125817748         .0000000000
     117.6050155485        5.0191579801         .0000000000
     117.6052276841        5.0287040844         .0000000000
     117.5965301224        5.0348560183         .0000000000
     117.5848626615        5.0365531036         .0000000000
     117.5727709293        5.0314618479         .0000000000
     117.5615277397        5.0282798131         .0000000000
     117.5587699762        5.0176730305         .0000000000
     117.5572850267        5.0079147905         .0000000000
     117.5479510580        4.9934895661         .0000000000
     117.5430719380        4.9850041400         .0000000000
     117.5352229188        4.9724881365         .0000000000
     117.5216462370        4.9673968808         .0000000000
     117.5171913883        4.9673968808         .0000000000
     117.5176156597        4.9748216287         .0000000000
     117.5210098301        4.9828827835         .0000000000
     117.5197370162        4.9913682096         .0000000000
     117.5123122683        4.9958230583         .0000000000
     117.5036147066        4.9970958722         .0000000000
     117.4957656874        4.9903075313         .0000000000
     117.4847346335        4.9786400704         .0000000000
     117.4794312422        4.9746094930         .0000000000
     117.4834618196        4.9667604739         .0000000000
     117.4891894822        4.9625177608         .0000000000
     117.4894016179        4.9565779626         .0000000000
     117.4826132770        4.9525473852         .0000000000
     117.4722186300        4.9508503000         .0000000000
     117.4633089326        4.9519109782         .0000000000
     117.4592783552        4.9603964043         .0000000000
     117.4575812700        4.9616692182         .0000000000
     117.4465502161        4.9591235904         .0000000000
     117.4401861465        4.9533959278         .0000000000
     117.4323371273        4.9453347730         .0000000000
     117.4238517012        4.9449105017         .0000000000
     117.4183361743        4.9533959278         .0000000000
     117.4130327830        4.9610328113         .0000000000
     117.4079415273        4.9654876600         .0000000000
     117.4003046438        4.9633663035         .0000000000
     117.3933041673        4.9555172843         .0000000000
     117.3865158264        4.9476682652         .0000000000
     117.3795153499        4.9419406025         .0000000000
     117.3686964316        4.9385464321         .0000000000
>    26LINE      Ultrabasic rocks nan       22
     117.6368358964        5.0261584566         .0000000000
     117.6308960981        5.0191579801         .0000000000
     117.6287747416        5.0127939105         .0000000000
     117.6361994894        5.0043084844         .0000000000
     117.6468062720        5.0015507209         .0000000000
     117.6540188842        4.9960351939         .0000000000
     117.6622921747        4.9920046165         .0000000000
     117.6752324495        4.9922167522         .0000000000
     117.6871120460        4.9970958722         .0000000000
     117.6966581504        5.0034599418         .0000000000
     117.6979309643        5.0125817748         .0000000000
     117.6951732008        5.0214914722         .0000000000
     117.6909304877        5.0263705922         .0000000000
     117.6769295347        5.0354924253         .0000000000
     117.6682319729        5.0374016462         .0000000000
     117.6616557677        5.0399472740         .0000000000
     117.6565645120        5.0446142584         .0000000000
     117.6508368494        5.0456749366         .0000000000
     117.6431999659        5.0397351384         .0000000000
     117.6395936598        5.0331589331         .0000000000
     117.6374723033        5.0270069992         .0000000000
     117.6368358964        5.0261584566         .0000000000
>    27LINE      Ultrabasic rocks nan       21
     117.6797403321        4.9324475321         .0000000000
     117.6616027338        4.9257652590         .0000000000
     117.6538067486        4.9160600529         .0000000000
     117.6553977660        4.9023773034         .0000000000
     117.6670121929        4.8987179634         .0000000000
     117.6767173990        4.9026955068         .0000000000
     117.6840360790        4.9061957451         .0000000000
     117.6945367938        4.9041274225         .0000000000
     117.7067876278        4.9006271842         .0000000000
     117.7217431913        4.9001498790         .0000000000
     117.7414718070        4.9026955068         .0000000000
     117.7599276087        4.9063548468         .0000000000
     117.7667689835        4.9112870008         .0000000000
     117.7613595244        4.9165373582         .0000000000
     117.7497450974        4.9190829860         .0000000000
     117.7376533652        4.9195602912         .0000000000
     117.7225387000        4.9205149016         .0000000000
     117.7085377469        4.9265607677         .0000000000
     117.6997871512        4.9305383112         .0000000000
     117.6875363173        4.9319702269         .0000000000
     117.6797403321        4.9324475321         .0000000000
>    28LINE      Ultrabasic rocks nan       17
     117.4835678874        4.8420777441         .0000000000
     117.4751354952        4.8482827120         .0000000000
     117.4684532222        4.8514647468         .0000000000
     117.4590662196        4.8527375607         .0000000000
     117.4568387952        4.8468507963         .0000000000
     117.4628846613        4.8400094215         .0000000000
     117.4659075944        4.8323725380         .0000000000
     117.4614527457        4.8229855354         .0000000000
     117.4562023883        4.8139167363         .0000000000
     117.4519066413        4.8045297336         .0000000000
     117.4566796935        4.8013476989         .0000000000
     117.4694078326        4.8064389545         .0000000000
     117.4783175300        4.8134394310         .0000000000
     117.4880227361        4.8240992476         .0000000000
     117.4927957883        4.8318952328         .0000000000
     117.4880227361        4.8396912180         .0000000000
     117.4835678874        4.8420777441         .0000000000
>    29LINE      Ultrabasic rocks nan       11
     117.5332076301        4.8293496050         .0000000000
     117.5298664936        4.8218718232         .0000000000
     117.5317757145        4.8093027858         .0000000000
     117.5395716997        4.8042115302         .0000000000
     117.5445038536        4.8091436841         .0000000000
     117.5433901414        4.8131212276         .0000000000
     117.5445038536        4.8178942797         .0000000000
     117.5481631936        4.8226673319         .0000000000
     117.5437083449        4.8290314015         .0000000000
     117.5373442753        4.8299860119         .0000000000
     117.5332076301        4.8293496050         .0000000000
>    30LINE      Ultrabasic rocks nan       12
     117.5745740823        4.8508283398         .0000000000
     117.5699601319        4.8462143894         .0000000000
     117.5694828267        4.8379410989         .0000000000
     117.5744149806        4.8301451137         .0000000000
     117.5847565937        4.8282358928         .0000000000
     117.5947800032        4.8349181659         .0000000000
     117.5998712589        4.8403276250         .0000000000
     117.6062353285        4.8458961859         .0000000000
     117.6022577850        4.8530557642         .0000000000
     117.5925525789        4.8567151042         .0000000000
     117.5836428815        4.8544876798         .0000000000
     117.5745740823        4.8508283398         .0000000000
>    31LINE      Ultrabasic rocks nan       11
     117.6528521381        4.8643519876         .0000000000
     117.6421923216        4.8626018685         .0000000000
     117.6393284903        4.8562377989         .0000000000
     117.6514202225        4.8511465433         .0000000000
     117.6733762625        4.8466916946         .0000000000
     117.6849906895        4.8444642702         .0000000000
     117.6950140991        4.8458961859         .0000000000
     117.6883318260        4.8549649850         .0000000000
     117.6814904512        4.8573515111         .0000000000
     117.6639892599        4.8627609703         .0000000000
     117.6528521381        4.8643519876         .0000000000
>    32LINE      Ultrabasic rocks nan       22
     117.7745649687        4.8212884502         .0000000000
     117.7558970313        4.8216066537         .0000000000
     117.7522907252        4.8170457371         .0000000000
     117.7541999461        4.8086663789         .0000000000
     117.7644885253        4.8029387162         .0000000000
     117.7737164261        4.8001809528         .0000000000
     117.7828382592        4.7937108154         .0000000000
     117.7885659218        4.7853314571         .0000000000
     117.7939753809        4.7814069475         .0000000000
     117.8046882314        4.7858617962         .0000000000
     117.8089309444        4.7889377632         .0000000000
     117.8197498627        4.7887256275         .0000000000
     117.8297202384        4.7895741701         .0000000000
     117.8374631897        4.7962564432         .0000000000
     117.8368267828        4.8048479371         .0000000000
     117.8294020349        4.8123787528         .0000000000
     117.8178406419        4.8148183128         .0000000000
     117.8042639601        4.8155607876         .0000000000
     117.7946117879        4.8183185511         .0000000000
     117.7875052435        4.8216066537         .0000000000
     117.7780652070        4.8221369928         .0000000000
     117.7745649687        4.8212884502         .0000000000
>    33LINE      Ultrabasic rocks nan       12
     117.8392133088        4.7773233362         .0000000000
     117.8342811549        4.7698057790         .0000000000
     117.8353550917        4.7641974427         .0000000000
     117.8416793858        4.7591459625         .0000000000
     117.8495549219        4.7571174153         .0000000000
     117.8583452930        4.7578333731         .0000000000
     117.8604533911        4.7663850916         .0000000000
     117.8557201143        4.7738230979         .0000000000
     117.8535722408        4.7780790695         .0000000000
     117.8501515534        4.7813406551         .0000000000
     117.8411225297        4.7800280658         .0000000000
     117.8392133088        4.7773233362         .0000000000
>    34LINE      Ultrabasic rocks nan       10
     117.8512254902        4.7344056420         .0000000000
     117.8476059256        4.7299905687         .0000000000
     117.8491571676        4.7255754955         .0000000000
     117.8575100089        4.7268085340         .0000000000
     117.8674936430        4.7339681122         .0000000000
     117.8681698254        4.7366330664         .0000000000
     117.8661015028        4.7412470168         .0000000000
     117.8602942893        4.7419231992         .0000000000
     117.8558792160        4.7389400416         .0000000000
     117.8512254902        4.7344056420         .0000000000
>    35LINE      Ultrabasic rocks nan       9
     117.7674584244        4.7391786942         .0000000000
     117.7613727829        4.7447870305         .0000000000
     117.7576338920        4.7440710727         .0000000000
     117.7586680533        4.7365137401         .0000000000
     117.7645150422        4.7282404496         .0000000000
     117.7711177644        4.7265698813         .0000000000
     117.7749362061        4.7289564074         .0000000000
     117.7724303537        4.7363148629         .0000000000
     117.7674584244        4.7391786942         .0000000000
>    36LINE      Ultrabasic rocks nan       12
     117.7938295377        5.0440574023         .0000000000
     117.7902497485        5.0354659083         .0000000000
     117.7907270538        5.0232946253         .0000000000
     117.7950228007        5.0192375309         .0000000000
     117.8055235155        5.0275903722         .0000000000
     117.8083873468        5.0326020770         .0000000000
     117.8148309673        5.0385683923         .0000000000
     117.8176947986        5.0464439284         .0000000000
     117.8153082725        5.0540808119         .0000000000
     117.8052848629        5.0567059906         .0000000000
     117.7986025899        5.0500237175         .0000000000
     117.7938295377        5.0440574023         .0000000000
>    37LINE      Ultrabasic rocks nan       11
     117.8852334870        4.9548013265         .0000000000
     117.8742554669        4.9581424630         .0000000000
     117.8701983726        4.9552786317         .0000000000
     117.8713916356        4.9495509691         .0000000000
     117.8792671717        4.9433460012         .0000000000
     117.8818923504        4.9340385495         .0000000000
     117.8873813604        4.9287881921         .0000000000
     117.8938249809        4.9321293286         .0000000000
     117.8966888122        4.9421527382         .0000000000
     117.8921544126        4.9497896217         .0000000000
     117.8852334870        4.9548013265         .0000000000
>    38LINE      Ultrabasic rocks nan       9
     117.9618409745        4.9068321521         .0000000000
     117.9649434584        4.8991952686         .0000000000
     117.9735349523        4.8953768268         .0000000000
     117.9816491410        4.8970473951         .0000000000
     117.9845129723        4.9039683208         .0000000000
     117.9802172254        4.9108892464         .0000000000
     117.9747282154        4.9163782564         .0000000000
     117.9654207636        4.9159009512         .0000000000
     117.9618409745        4.9068321521         .0000000000
>    39LINE      Ultrabasic rocks nan       98
     117.9073088533        4.9390204227         .0000000000
     117.9037588957        4.9328452864         .0000000000
     117.9045345167        4.9239256452         .0000000000
     117.9102323478        4.9141707198         .0000000000
     117.9157511893        4.9118736884         .0000000000
     117.9229704308        4.9106804254         .0000000000
     117.9294140512        4.9160799407         .0000000000
     117.9320690615        4.9205546771         .0000000000
     117.9338589561        4.9258945292         .0000000000
     117.9377967241        4.9339788863         .0000000000
     117.9432559025        4.9370813703         .0000000000
     117.9528318385        4.9354704651         .0000000000
     117.9629447428        4.9316221918         .0000000000
     117.9740420891        4.9322486549         .0000000000
     117.9770849099        4.9334419180         .0000000000
     117.9836776882        4.9367383071         .0000000000
     117.9881971720        4.9374542650         .0000000000
     117.9949540240        4.9319950865         .0000000000
     118.0008606760        4.9262674239         .0000000000
     118.0153588221        4.9239853083         .0000000000
     118.0347344307        4.9233140979         .0000000000
     118.0443998614        4.9234930873         .0000000000
     118.0563474077        4.9189288562         .0000000000
     118.0634622386        4.9164230038         .0000000000
     118.0715615115        4.9166019932         .0000000000
     118.0847584864        4.9148986552         .0000000000
     118.0946994414        4.9157777873         .0000000000
     118.1035583877        4.9173331748         .0000000000
     118.1128230872        4.9192943156         .0000000000
     118.1243870553        4.9239604781         .0000000000
     118.1337193804        4.9264626233         .0000000000
     118.1465682338        4.9288295173         .0000000000
     118.1613782279        4.9310611603         .0000000000
     118.1703047998        4.9352539440         .0000000000
     118.1763234732        4.9407316131         .0000000000
     118.1859939260        4.9504020659         .0000000000
     118.1964758854        4.9590581355         .0000000000
     118.2049967039        4.9629127916         .0000000000
     118.2163577954        4.9673760775         .0000000000
     118.2256073468        4.9726067781         .0000000000
     118.2239202247        4.9787928924         .0000000000
     118.2169842784        4.9845103616         .0000000000
     118.2065803589        4.9848852776         .0000000000
     118.1958015234        4.9833856136         .0000000000
     118.1890530351        4.9835730716         .0000000000
     118.1702135053        4.9869473157         .0000000000
     118.1668392611        4.9878846058         .0000000000
     118.1576538187        4.9906027469         .0000000000
     118.1525924525        4.9910713919         .0000000000
     118.1412512430        4.9872285027         .0000000000
     118.1283166404        4.9809486595         .0000000000
     118.1199747590        4.9780430603         .0000000000
     118.1138823737        4.9764496672         .0000000000
     118.0940118248        4.9713883010         .0000000000
     118.0867946915        4.9717632170         .0000000000
     118.0787339972        4.9752311902         .0000000000
     118.0740475469        4.9822608655         .0000000000
     118.0707670318        4.9883532508         .0000000000
     118.0659868526        5.0031624335         .0000000000
     118.0683300777        5.0114105858         .0000000000
     118.0685175357        5.0164719521         .0000000000
     118.0676955323        5.0285864259         .0000000000
     118.0605308872        5.0316176219         .0000000000
     118.0561218749        5.0259685748         .0000000000
     118.0555707483        5.0218351257         .0000000000
     118.0515750809        5.0152216071         .0000000000
     118.0448237807        5.0099859050         .0000000000
     118.0395880785        5.0059902375         .0000000000
     118.0320100885        5.0025456966         .0000000000
     118.0249832251        4.9995145006         .0000000000
     118.0193341780        4.9982744659         .0000000000
     118.0102405900        4.9984122475         .0000000000
     118.0028003817        4.9993767190         .0000000000
     117.9977024611        5.0003411904         .0000000000
     117.9910889426        5.0019945701         .0000000000
     117.9844754240        4.9985500292         .0000000000
     117.9828220444        4.9934521086         .0000000000
     117.9865421486        4.9854607737         .0000000000
     117.9930178855        4.9825673594         .0000000000
     117.9985291509        4.9835318308         .0000000000
     118.0077605206        4.9868385901         .0000000000
     118.0156140738        4.9875274983         .0000000000
     118.0201608678        4.9835318308         .0000000000
     118.0160274187        4.9778827837         .0000000000
     118.0072093940        4.9726470815         .0000000000
     118.0011470020        4.9681002875         .0000000000
     117.9939823569        4.9692025406         .0000000000
     117.9864043670        4.9722337366         .0000000000
     117.9818575730        4.9737493346         .0000000000
     117.9716617319        4.9737493346         .0000000000
     117.9655993399        4.9718203917         .0000000000
     117.9530612110        4.9602467343         .0000000000
     117.9476877272        4.9550110321         .0000000000
     117.9402475188        4.9522553994         .0000000000
     117.9264693552        4.9559755036         .0000000000
     117.9177891121        4.9497753299         .0000000000
     117.9114511568        4.9431618114         .0000000000
     117.9073088533        4.9390204227         .0000000000
>    40LINE      Ultrabasic rocks nan       19
     118.0048671062        4.8927337325         .0000000000
     117.9934312304        4.8895647549         .0000000000
     117.9879199650        4.8829512364         .0000000000
     117.9948090468        4.8767510627         .0000000000
     117.9986669326        4.8679330380         .0000000000
     117.9983913693        4.8573238520         .0000000000
     118.0012847837        4.8494702988         .0000000000
     118.0059693593        4.8491947355         .0000000000
     118.0124450962        4.8552571275         .0000000000
     118.0171296718        4.8615950827         .0000000000
     118.0233298455        4.8639373706         .0000000000
     118.0318723069        4.8669685666         .0000000000
     118.0375213540        4.8716531422         .0000000000
     118.0393125153        4.8782666607         .0000000000
     118.0362813193        4.8855690874         .0000000000
     118.0310456171        4.8910803529         .0000000000
     118.0227787189        4.8950760203         .0000000000
     118.0129962227        4.8946626754         .0000000000
     118.0048671062        4.8927337325         .0000000000
>    41LINE      Ultrabasic rocks nan       19
     117.8950551421        4.9911098208         .0000000000
     117.9041487301        4.9811895430         .0000000000
     117.9110378119        4.9752649326         .0000000000
     117.9176513305        4.9731982081         .0000000000
     117.9281227348        4.9748515877         .0000000000
     117.9328073105        4.9788472552         .0000000000
     117.9354251615        4.9842207390         .0000000000
     117.9409364270        4.9916609473         .0000000000
     117.9474121639        4.9942787984         .0000000000
     117.9504433599        4.9997900639         .0000000000
     117.9476877272        5.0059902375         .0000000000
     117.9352873799        5.0087458702         .0000000000
     117.9270204817        5.0075058355         .0000000000
     117.9204069632        5.0090214335         .0000000000
     117.9142067896        5.0103992499         .0000000000
     117.9063532363        5.0095725601         .0000000000
     117.8994641545        5.0065413641         .0000000000
     117.8958818319        5.0018567884         .0000000000
     117.8950551421        4.9911098208         .0000000000
>    42LINE      Ultrabasic rocks nan       10
     117.8258428335        5.1592952714         .0000000000
     117.8179433531        5.1502016834         .0000000000
     117.8225360743        5.1459763799         .0000000000
     117.8328237698        5.1450578357         .0000000000
     117.8443055728        5.1497424113         .0000000000
     117.8468774967        5.1577337462         .0000000000
     117.8447648449        5.1611323599         .0000000000
     117.8378757631        5.1637042838         .0000000000
     117.8296088649        5.1619590497         .0000000000
     117.8258428335        5.1592952714         .0000000000
>    43LINE      Ultrabasic rocks nan       13
     117.8391617250        5.1241150270         .0000000000
     117.8330074786        5.1209001221         .0000000000
     117.8315378078        5.1151132934         .0000000000
     117.8347527127        5.1068463952         .0000000000
     117.8438463007        5.1006002944         .0000000000
     117.8512865090        5.0977528072         .0000000000
     117.8567977745        5.0970179718         .0000000000
     117.8595534072        5.1033559271         .0000000000
     117.8617579134        5.1126332240         .0000000000
     117.8599208249        5.1200734323         .0000000000
     117.8556036670        5.1248498624         .0000000000
     117.8443055728        5.1264113876         .0000000000
     117.8391617250        5.1241150270         .0000000000
>    44LINE      Ultrabasic rocks nan       11
     117.9392830474        5.0834235171         .0000000000
     117.9366192691        5.0724009862         .0000000000
     117.9397423195        5.0664304486         .0000000000
     117.9470906734        5.0639503792         .0000000000
     117.9536123375        5.0649607778         .0000000000
     117.9589398941        5.0704720433         .0000000000
     117.9606851282        5.0770855618         .0000000000
     117.9576539322        5.0833316626         .0000000000
     117.9522345212        5.0860872954         .0000000000
     117.9440594774        5.0859954409         .0000000000
     117.9392830474        5.0834235171         .0000000000
>    45LINE      Ultrabasic rocks nan       17
     117.8952847782        5.1006921488         .0000000000
     117.8863748991        5.0960994276         .0000000000
     117.8858237725        5.0916904152         .0000000000
     117.8898653672        5.0864547131         .0000000000
     117.8945499428        5.0826886817         .0000000000
     117.8988671007        5.0803004667         .0000000000
     117.9037353852        5.0771774162         .0000000000
     117.9093385051        5.0769937074         .0000000000
     117.9135638086        5.0783715237         .0000000000
     117.9201773271        5.0849850423         .0000000000
     117.9261478647        5.0901288900         .0000000000
     117.9317509846        5.0953645922         .0000000000
     117.9311998580        5.1004165855         .0000000000
     117.9252293205        5.1079486483         .0000000000
     117.9150334794        5.1072138129         .0000000000
     117.9065828724        5.1041826169         .0000000000
     117.8952847782        5.1006921488         .0000000000
>    46LINE      Ultrabasic rocks nan       32
     117.8758116403        5.1582848728         .0000000000
     117.8771894566        5.1493749936         .0000000000
     117.8761790580        5.1447822724         .0000000000
     117.8725967354        5.1356886844         .0000000000
     117.8716781912        5.1286158938         .0000000000
     117.8769138934        5.1209001221         .0000000000
     117.8855482092        5.1220942296         .0000000000
     117.8960196136        5.1253091345         .0000000000
     117.9073177078        5.1247580079         .0000000000
     117.9155846059        5.1246661535         .0000000000
     117.9199017639        5.1292588747         .0000000000
     117.9243107762        5.1426696206         .0000000000
     117.9271582634        5.1403732600         .0000000000
     117.9298220417        5.1337597415         .0000000000
     117.9357925792        5.1284321849         .0000000000
     117.9443350407        5.1265950964         .0000000000
     117.9544390273        5.1261358243         .0000000000
     117.9607769826        5.1286158938         .0000000000
     117.9617873813        5.1348619946         .0000000000
     117.9575620778        5.1414755131         .0000000000
     117.9507648504        5.1445067091         .0000000000
     117.9430490788        5.1444148547         .0000000000
     117.9372622500        5.1462519432         .0000000000
     117.9359762881        5.1569070564         .0000000000
     117.9347821806        5.1629694484         .0000000000
     117.9256885926        5.1706852200         .0000000000
     117.9190750740        5.1730734350         .0000000000
     117.9078688343        5.1743593970         .0000000000
     117.8973055755        5.1735327072         .0000000000
     117.8820577411        5.1654495178         .0000000000
     117.8776487288        5.1614079232         .0000000000
     117.8758116403        5.1582848728         .0000000000
>    47LINE      Ultrabasic rocks nan       9
     118.2614394765        4.6491817269         .0000000000
     118.2595794244        4.6408459379         .0000000000
     118.2652284715        4.6330612755         .0000000000
     118.2718419900        4.6326479305         .0000000000
     118.2785932902        4.6414659553         .0000000000
     118.2755620942        4.6498706351         .0000000000
     118.2697063746        4.6533840668         .0000000000
     118.2607505683        4.6513862331         .0000000000
     118.2614394765        4.6491817269         .0000000000
>    48LINE      Ultrabasic rocks nan       11
     118.2437345362        4.6401570297         .0000000000
     118.2431834097        4.6327857122         .0000000000
     118.2464212781        4.6254832855         .0000000000
     118.2505547272        4.6219009629         .0000000000
     118.2559971018        4.6227965436         .0000000000
     118.2584771713        4.6300989703         .0000000000
     118.2577193723        4.6362302531         .0000000000
     118.2564104467        4.6416037369         .0000000000
     118.2524836701        4.6442215880         .0000000000
     118.2443545536        4.6419481910         .0000000000
     118.2437345362        4.6401570297         .0000000000
>    49LINE      Ultrabasic rocks nan       10
     118.2296119185        4.6377458511         .0000000000
     118.2207250030        4.6399503573         .0000000000
     118.2163848814        4.6360924715         .0000000000
     118.2191405141        4.6258277396         .0000000000
     118.2224472734        4.6181119679         .0000000000
     118.2272007399        4.6161830250         .0000000000
     118.2326431145        4.6187319853         .0000000000
     118.2345031666        4.6274122284         .0000000000
     118.2316097522        4.6356791265         .0000000000
     118.2296119185        4.6377458511         .0000000000
>    50LINE      Ultrabasic rocks nan       11
     118.1927553308        4.6781158705         .0000000000
     118.1882085368        4.6834204635         .0000000000
     118.1813194550        4.6833515727         .0000000000
     118.1792527305        4.6797003593         .0000000000
     118.1803549835        4.6735690765         .0000000000
     118.1842128694        4.6654399600         .0000000000
     118.1876574103        4.6627532181         .0000000000
     118.1927553308        4.6630287813         .0000000000
     118.1957176360        4.6727423867         .0000000000
     118.1947531645        4.6767380541         .0000000000
     118.1927553308        4.6781158705         .0000000000
>    51LINE      Ultrabasic rocks nan       18
     118.1481829715        4.7436310385         .0000000000
     118.1404671999        4.7514845918         .0000000000
     118.1326136466        4.7501067754         .0000000000
     118.1304091404        4.7421154405         .0000000000
     118.1384004753        4.7324707260         .0000000000
     118.1479074082        4.7273728055         .0000000000
     118.1561743064        4.7181414358         .0000000000
     118.1649923311        4.7134568602         .0000000000
     118.1749126089        4.7162124929         .0000000000
     118.1761526436        4.7242038278         .0000000000
     118.1738103558        4.7359152669         .0000000000
     118.1756015171        4.7432176936         .0000000000
     118.1731214476        4.7514845918         .0000000000
     118.1655434577        4.7513468102         .0000000000
     118.1592055024        4.7428043487         .0000000000
     118.1558987431        4.7397731527         .0000000000
     118.1501119144        4.7421154405         .0000000000
     118.1481829715        4.7436310385         .0000000000
>    52LINE      Ultrabasic rocks nan       13
     118.3756604529        4.7857922192         .0000000000
     118.3881985818        4.7879967254         .0000000000
     118.3932965023        4.7926813010         .0000000000
     118.3960521351        4.7958502787         .0000000000
     118.3916431227        4.8035660503         .0000000000
     118.3824117531        4.8097662239         .0000000000
     118.3541665176        4.8134863281         .0000000000
     118.3483796889        4.8107306954         .0000000000
     118.3417661704        4.8023260156         .0000000000
     118.3445218031        4.7954369338         .0000000000
     118.3522375747        4.7879967254         .0000000000
     118.3653268302        4.7840010579         .0000000000
     118.3756604529        4.7857922192         .0000000000
>    53LINE      Ultrabasic rocks nan       12
     117.9772143318        4.7288516617         .0000000000
     117.9748628586        4.7222014014         .0000000000
     117.9761488205        4.7170208119         .0000000000
     117.9810354759        4.7149632728         .0000000000
     117.9878694450        4.7176454219         .0000000000
     117.9933807105        4.7214665660         .0000000000
     117.9963567938        4.7290353705         .0000000000
     117.9952912825        4.7321951627         .0000000000
     117.9902209183        4.7352447296         .0000000000
     117.9840483010        4.7343629271         .0000000000
     117.9778756837        4.7310929096         .0000000000
     117.9772143318        4.7288516617         .0000000000
