>    5LINE      Ultrabasic rocks nan       35
     116.6190270144        6.2855103904         .0000000000
     116.6106872677        6.2923211835         .0000000000
     116.6009575633        6.2969080441         .0000000000
     116.5894209138        6.2919041962         .0000000000
     116.5866409983        6.2820354960         .0000000000
     116.5887259350        6.2666069647         .0000000000
     116.5949807449        6.2493714883         .0000000000
     116.6045714535        6.2375568473         .0000000000
     116.6147181453        6.2292171007         .0000000000
     116.6227799004        6.2210163498         .0000000000
     116.6293127019        6.2132325863         .0000000000
     116.6362624907        6.2061438017         .0000000000
     116.6498840769        6.2072557679         .0000000000
     116.6598917729        6.2098966876         .0000000000
     116.6728183801        6.2161514976         .0000000000
     116.6817141099        6.2283831260         .0000000000
     116.6906098396        6.2399197755         .0000000000
     116.6982546073        6.2506224503         .0000000000
     116.6972816369        6.2739737409         .0000000000
     116.6958916791        6.2785606016         .0000000000
     116.6922777889        6.2857883820         .0000000000
     116.6851890043        6.2974640272         .0000000000
     116.6750423126        6.3016339006         .0000000000
     116.6703164561        6.2941281286         .0000000000
     116.6667025659        6.2793945762         .0000000000
     116.6637836546        6.2607691421         .0000000000
     116.6640616462        6.2488155052         .0000000000
     116.6614207264        6.2389468051         .0000000000
     116.6547489291        6.2410317417         .0000000000
     116.6458531994        6.2468695644         .0000000000
     116.6411273429        6.2531243743         .0000000000
     116.6404323641        6.2629930745         .0000000000
     116.6395983894        6.2732787620         .0000000000
     116.6305636639        6.2796725678         .0000000000
     116.6190270144        6.2855103904         .0000000000
>    6LINE      Ultrabasic rocks nan       13
     116.6947797129        6.1559663261         .0000000000
     116.6963086665        6.1441516851         .0000000000
     116.7015905060        6.1358119384         .0000000000
     116.7081233075        6.1278891791         .0000000000
     116.7164630541        6.1269162087         .0000000000
     116.7250807923        6.1313640736         .0000000000
     116.7321695770        6.1370629004         .0000000000
     116.7371734249        6.1419277526         .0000000000
     116.7341155178        6.1508234824         .0000000000
     116.7288336783        6.1588852374         .0000000000
     116.7152120922        6.1623601319         .0000000000
     116.7045094173        6.1619431445         .0000000000
     116.6947797129        6.1559663261         .0000000000
>    7LINE      Ultrabasic rocks nan       11
     116.7671965128        6.1491555330         .0000000000
     116.7660845466        6.1412327737         .0000000000
     116.7705324115        6.1349779638         .0000000000
     116.7758142510        6.1328930271         .0000000000
     116.7847099807        6.1367849089         .0000000000
     116.7906867991        6.1426227315         .0000000000
     116.7923547485        6.1499895077         .0000000000
     116.7894358372        6.1562443177         .0000000000
     116.7822080567        6.1580512628         .0000000000
     116.7692814495        6.1531864106         .0000000000
     116.7671965128        6.1491555330         .0000000000
>    8LINE      Ultrabasic rocks nan       17
     116.6875519325        6.0694067059         .0000000000
     116.6943627256        6.0612059550         .0000000000
     116.6969341475        6.0553681324         .0000000000
     116.6984631010        6.0513372549         .0000000000
     116.7013125144        6.0481403520         .0000000000
     116.7056213835        6.0477928625         .0000000000
     116.7086097927        6.0503642844         .0000000000
     116.7097217590        6.0569665838         .0000000000
     116.7090267801        6.0641248664         .0000000000
     116.7105557336        6.0715611404         .0000000000
     116.7109727210        6.0778854483         .0000000000
     116.7084707970        6.0821248195         .0000000000
     116.7012430166        6.0865031865         .0000000000
     116.6927642741        6.0856692118         .0000000000
     116.6896368692        6.0814298406         .0000000000
     116.6873434388        6.0764954905         .0000000000
     116.6875519325        6.0694067059         .0000000000
>    9LINE      Ultrabasic rocks nan       36
     116.7266097459        6.1077000425         .0000000000
     116.7331425474        6.0985263212         .0000000000
     116.7427332560        6.0915070345         .0000000000
     116.7511425005        6.0908120556         .0000000000
     116.7570498211        6.0979703381         .0000000000
     116.7633046310        6.0990128064         .0000000000
     116.7762312383        6.0928274943         .0000000000
     116.7804011116        6.0885881231         .0000000000
     116.7838065082        6.0838622667         .0000000000
     116.7875593942        6.0809433554         .0000000000
     116.7956906471        6.0757310138         .0000000000
     116.8015284698        6.0721171235         .0000000000
     116.8075052882        6.0699626890         .0000000000
     116.8148720644        6.0707271658         .0000000000
     116.8174434862        6.0737850729         .0000000000
     116.8194589250        6.0796923934         .0000000000
     116.8152195538        6.0860167013         .0000000000
     116.8123006425        6.0898390851         .0000000000
     116.8054203515        6.0947734352         .0000000000
     116.7949261703        6.1000552748         .0000000000
     116.7896443308        6.1025571987         .0000000000
     116.7842929934        6.1055456079         .0000000000
     116.7801926180        6.1111054390         .0000000000
     116.7764397320        6.1168042659         .0000000000
     116.7723393566        6.1224335949         .0000000000
     116.7681694832        6.1271594513         .0000000000
     116.7630266395        6.1263949745         .0000000000
     116.7558683570        6.1220166075         .0000000000
     116.7502390280        6.1210436371         .0000000000
     116.7469031293        6.1240320463         .0000000000
     116.7430112476        6.1258389914         .0000000000
     116.7372429228        6.1274374428         .0000000000
     116.7277912100        6.1256304977         .0000000000
     116.7236213367        6.1193061899         .0000000000
     116.7234823409        6.1122174053         .0000000000
     116.7266097459        6.1077000425         .0000000000
>    10LINE      Ultrabasic rocks nan       28
     116.4949037854        6.1386961008         .0000000000
     116.4946257938        6.1184027173         .0000000000
     116.4928188487        6.1097849792         .0000000000
     116.4898999374        6.1068660678         .0000000000
     116.4819771781        6.1081170298         .0000000000
     116.4833671359        6.1001942705         .0000000000
     116.4878150007        6.0925495028         .0000000000
     116.4935138276        6.0887966168         .0000000000
     116.4978226967        6.0836537730         .0000000000
     116.5000466291        6.0778159504         .0000000000
     116.4962937432        6.0689202207         .0000000000
     116.4935138276        6.0626654107         .0000000000
     116.4940698107        6.0558546176         .0000000000
     116.5011585953        6.0541866683         .0000000000
     116.5147801815        6.0546036556         .0000000000
     116.5229809324        6.0511287612         .0000000000
     116.5304867043        6.0436229892         .0000000000
     116.5363245270        6.0359782215         .0000000000
     116.5475831849        6.0316693524         .0000000000
     116.5564789147        6.0284724495         .0000000000
     116.5716294544        6.0256925340         .0000000000
     116.5856680279        6.0263875129         .0000000000
     116.6017915380        6.0313913608         .0000000000
     116.6222239172        6.0386191413         .0000000000
     116.6395983894        6.0632213938         .0000000000
     116.5542549822        6.1302173584         .0000000000
     116.5247878775        6.1366111641         .0000000000
     116.4949037854        6.1386961008         .0000000000
>    11LINE      Ultrabasic rocks nan       32
     116.6601697644        6.0137388971         .0000000000
     116.6606909986        6.0025844860         .0000000000
     116.6603782581        5.9950787141         .0000000000
     116.6586060619        5.9850710181         .0000000000
     116.6610037391        5.9738123602         .0000000000
     116.6664245744        5.9681830312         .0000000000
     116.6758067893        5.9678702907         .0000000000
     116.6826870803        5.9696424868         .0000000000
     116.6885249029        5.9701637210         .0000000000
     116.6943627256        5.9694339932         .0000000000
     116.6983241052        5.9670363160         .0000000000
     116.7036406937        5.9624494554         .0000000000
     116.7085402949        5.9600517782         .0000000000
     116.7140653770        5.9615112339         .0000000000
     116.7185479908        5.9650556262         .0000000000
     116.7226136173        5.9706849552         .0000000000
     116.7227178641        5.9786077145         .0000000000
     116.7190692250        5.9801714170         .0000000000
     116.7129186618        5.9805884043         .0000000000
     116.7080190607        5.9806926511         .0000000000
     116.6996793141        5.9810053916         .0000000000
     116.6937372446        5.9812138853         .0000000000
     116.6890461371        5.9821521068         .0000000000
     116.6851890043        5.9863219801         .0000000000
     116.6845635233        5.9943489862         .0000000000
     116.6874824346        5.9981018722         .0000000000
     116.6908183333        6.0010207835         .0000000000
     116.6907140864        6.0062331252         .0000000000
     116.6878994219        6.0121751947         .0000000000
     116.6782044665        6.0172832895         .0000000000
     116.6655905997        6.0198894603         .0000000000
     116.6601697644        6.0137388971         .0000000000
>    12LINE      Ultrabasic rocks nan       26
     116.6872739409        5.9248163487         .0000000000
     116.6839380423        5.9164766021         .0000000000
     116.6857102385        5.9074071276         .0000000000
     116.6860229790        5.9026117733         .0000000000
     116.6872739409        5.8954187418         .0000000000
     116.6930075168        5.8896851660         .0000000000
     116.6997835609        5.8855152927         .0000000000
     116.7048916557        5.8806156916         .0000000000
     116.7140653770        5.8736311538         .0000000000
     116.7217796426        5.8738396474         .0000000000
     116.7291811678        5.8795732233         .0000000000
     116.7371039271        5.8833261092         .0000000000
     116.7445054522        5.8855152927         .0000000000
     116.7514899900        5.8929168179         .0000000000
     116.7528451988        5.9024032796         .0000000000
     116.7536791735        5.9118897414         .0000000000
     116.7550343823        5.9256503234         .0000000000
     116.7532621861        5.9312796524         .0000000000
     116.7473201167        5.9375344623         .0000000000
     116.7369996802        5.9410788546         .0000000000
     116.7200074465        5.9392024116         .0000000000
     116.7108337252        5.9380556965         .0000000000
     116.7016600039        5.9371174750         .0000000000
     116.6944669724        5.9348240447         .0000000000
     116.6904013459        5.9289862220         .0000000000
     116.6872739409        5.9248163487         .0000000000