>    13LINE      Ultrabasic rocks nan       18
     116.9164866647        5.5252121767         .0000000000
     116.9073390051        5.5169245534         .0000000000
     116.8997550480        5.5135625931         .0000000000
     116.8930311273        5.5095751517         .0000000000
     116.8881836496        5.5015220839         .0000000000
     116.8878709091        5.4965964210         .0000000000
     116.8979567902        5.4950327185         .0000000000
     116.9060880431        5.4973782723         .0000000000
     116.9164084796        5.5036330823         .0000000000
     116.9231324003        5.5108261137         .0000000000
     116.9288399144        5.5159863319         .0000000000
     116.9345474285        5.5216938460         .0000000000
     116.9383784996        5.5307633205         .0000000000
     116.9384566847        5.5371745007         .0000000000
     116.9348601690        5.5399109801         .0000000000
     116.9300908764        5.5380345371         .0000000000
     116.9216468829        5.5312324313         .0000000000
     116.9164866647        5.5252121767         .0000000000
>    14LINE      Ultrabasic rocks nan       61
     117.0115076528        5.4933908309         .0000000000
     117.0043146214        5.4797866192         .0000000000
     116.9986331690        5.4706128979         .0000000000
     116.9970173431        5.4604488317         .0000000000
     116.9979555646        5.4525781959         .0000000000
     116.9999883778        5.4462191391         .0000000000
     117.0033763999        5.4366284304         .0000000000
     117.0037412638        5.4337616425         .0000000000
     117.0103088143        5.4136941272         .0000000000
     117.0122373807        5.4032694439         .0000000000
     117.0109342953        5.3943563397         .0000000000
     117.0105173079        5.3887791342         .0000000000
     117.0129671085        5.3663660651         .0000000000
     117.0137489598        5.3584954292         .0000000000
     117.0177624628        5.3521363724         .0000000000
     117.0261022095        5.3460379327         .0000000000
     117.0300635891        5.3428584043         .0000000000
     117.0533106328        5.3248237022         .0000000000
     117.0615461326        5.3173179302         .0000000000
     117.0693646451        5.3109588734         .0000000000
     117.0776001449        5.2993874750         .0000000000
     117.0812487840        5.2926114308         .0000000000
     117.0856271510        5.2807272919         .0000000000
     117.0927159356        5.2777041337         .0000000000
     117.1280556120        5.2801018109         .0000000000
     117.1403567383        5.2796848236         .0000000000
     117.1614145985        5.2813527729         .0000000000
     117.1732987374        5.2868778550         .0000000000
     117.1768431298        5.2934454055         .0000000000
     117.1688161236        5.3072059874         .0000000000
     117.1554725290        5.3182561517         .0000000000
     117.1474455229        5.3261789110         .0000000000
     117.1382718016        5.3342059171         .0000000000
     117.1426501686        5.3393140120         .0000000000
     117.1500516937        5.3407734676         .0000000000
     117.1539088265        5.3459858093         .0000000000
     117.1533875924        5.3520321256         .0000000000
     117.1506771747        5.3616228342         .0000000000
     117.1428586623        5.3689201125         .0000000000
     117.1324339790        5.3669394227         .0000000000
     117.1267004032        5.3579741950         .0000000000
     117.1240942323        5.3502599294         .0000000000
     117.1137737959        5.3440051194         .0000000000
     117.1022023974        5.3451518346         .0000000000
     117.0838549549        5.3471325244         .0000000000
     117.0674882021        5.3477580054         .0000000000
     117.0513299430        5.3545340496         .0000000000
     117.0467430824        5.3741324541         .0000000000
     117.0413222470        5.3854953589         .0000000000
     117.0385075826        5.3962327827         .0000000000
     117.0373608674        5.4102018583         .0000000000
     117.0326697599        5.4205222948         .0000000000
     117.0225578171        5.4448118068         .0000000000
     117.0210983615        5.4527345661         .0000000000
     117.0216195956        5.4621167811         .0000000000
     117.0227663108        5.4719159834         .0000000000
     117.0243300133        5.4858850590         .0000000000
     117.0244342601        5.4939120651         .0000000000
     117.0207856210        5.4984989257         .0000000000
     117.0135925895        5.4976649511         .0000000000
     117.0115076528        5.4933908309         .0000000000
>    15LINE      Ultrabasic rocks nan       210
     117.0580017403        5.5141359507         .0000000000
     117.0497662405        5.5085066217         .0000000000
     117.0463260950        5.5024603054         .0000000000
     117.0422604685        5.4999583814         .0000000000
     117.0392373104        5.4964139891         .0000000000
     117.0372566206        5.4923483626         .0000000000
     117.0370481269        5.4880742425         .0000000000
     117.0341292156        5.4826534071         .0000000000
     117.0320442789        5.4766070908         .0000000000
     117.0314187979        5.4651399392         .0000000000
     117.0314187979        5.4537770344         .0000000000
     117.0373608674        5.4430396107         .0000000000
     117.0429901964        5.4368890475         .0000000000
     117.0514341898        5.4308427312         .0000000000
     117.0588357150        5.4238581934         .0000000000
     117.0647777844        5.4172906429         .0000000000
     117.0725962969        5.4073871938         .0000000000
     117.0767661702        5.3948775739         .0000000000
     117.0765576766        5.3860165931         .0000000000
     117.0764534297        5.3795532894         .0000000000
     117.0774371198        5.3631327921         .0000000000
     117.0814357045        5.3571349150         .0000000000
     117.0889885868        5.3548024073         .0000000000
     117.1009843410        5.3546913355         .0000000000
     117.1100922285        5.3571349150         .0000000000
     117.1179783261        5.3609113562         .0000000000
     117.1274194290        5.3682420948         .0000000000
     117.1375269626        5.3802378491         .0000000000
     117.1416366192        5.3880128749         .0000000000
     117.1463016347        5.3913450289         .0000000000
     117.1487452143        5.3867910852         .0000000000
     117.1511887938        5.3784607003         .0000000000
     117.1540766606        5.3751285463         .0000000000
     117.1596302505        5.3751285463         .0000000000
     117.1665167020        5.3790160593         .0000000000
     117.1705152867        5.3862357262         .0000000000
     117.1726256509        5.3975650496         .0000000000
     117.1778460254        5.4058954345         .0000000000
     117.1885089180        5.4190019066         .0000000000
     117.1957285849        5.4264437171         .0000000000
     117.2030593236        5.4309976609         .0000000000
     117.2067246930        5.4364401790         .0000000000
     117.2077243391        5.4432155587         .0000000000
     117.2055029032        5.4455480664         .0000000000
     117.1963950157        5.4454369946         .0000000000
     117.1877314155        5.4441041331         .0000000000
     117.1855099795        5.4453259228         .0000000000
     117.1821778255        5.4513237999         .0000000000
     117.1875092719        5.4645413439         .0000000000
     117.1921742874        5.4727606570         .0000000000
     117.1912857130        5.4796471085         .0000000000
     117.1895085642        5.4896435703         .0000000000
     117.1865096257        5.4965300218         .0000000000
     117.1792899588        5.4983071706         .0000000000
     117.1863985539        5.5069707709         .0000000000
     117.1988795802        5.5241571919         .0000000000
     117.2040627674        5.5297550341         .0000000000
     117.2144291418        5.5309989990         .0000000000
     117.2235515513        5.5374261511         .0000000000
     117.2243808612        5.5461339056         .0000000000
     117.2167097442        5.5600248473         .0000000000
     117.2138071593        5.5718425142         .0000000000
     117.2123558669        5.5832455260         .0000000000
     117.2121485394        5.5958925028         .0000000000
     117.2117338845        5.6006610350         .0000000000
     117.2036481124        5.6046002573         .0000000000
     117.1922451006        5.6052222397         .0000000000
     117.1781468314        5.6050149122         .0000000000
     117.1648778722        5.6037709473         .0000000000
     117.1543041703        5.6048075847         .0000000000
     117.1422791760        5.6021123274         .0000000000
     117.1350227139        5.5958925028         .0000000000
     117.1229977196        5.5890506957         .0000000000
     117.1149119476        5.5884287132         .0000000000
     117.1209244447        5.5979657776         .0000000000
     117.1335714215        5.6046002573         .0000000000
     117.1435231409        5.6108200819         .0000000000
     117.1540968428        5.6145519767         .0000000000
     117.1781468314        5.6170399065         .0000000000
     117.1922451006        5.6178692165         .0000000000
     117.2007455276        5.6168325791         .0000000000
     117.2096606096        5.6155886141         .0000000000
     117.2183683641        5.6153812866         .0000000000
     117.2270761186        5.6174545615         .0000000000
     117.2376498205        5.6271989535         .0000000000
     117.2393084404        5.6361140354         .0000000000
     117.2345399081        5.6421265326         .0000000000
     117.2237588788        5.6425411876         .0000000000
     117.2148437968        5.6408825677         .0000000000
     117.2109045745        5.6433704975         .0000000000
     117.2069653522        5.6477243748         .0000000000
     117.2024041475        5.6500049771         .0000000000
     117.1953550129        5.6450291174         .0000000000
     117.1878912233        5.6429558425         .0000000000
     117.1839520011        5.6475170473         .0000000000
     117.1839520011        5.6533222169         .0000000000
     117.1928670830        5.6585054041         .0000000000
     117.2034407849        5.6612006615         .0000000000
     117.2086239721        5.6636885913         .0000000000
     117.2080510875        5.6810258170         .0000000000
     117.2046182710        5.6886066200         .0000000000
     117.1958931959        5.6918964024         .0000000000
     117.1913161073        5.6990481033         .0000000000
     117.1931755495        5.7073440764         .0000000000
     117.1976096041        5.7136375732         .0000000000
     117.1913161073        5.7216474783         .0000000000
     117.1808746240        5.7253663627         .0000000000
     117.1712913447        5.7302295194         .0000000000
     117.1692888685        5.7392406625         .0000000000
     117.1750591713        5.7595567114         .0000000000
     117.1742106307        5.7669107301         .0000000000
     117.1787361806        5.7751132894         .0000000000
     117.1835445775        5.7819016144         .0000000000
     117.1846759650        5.8008523549         .0000000000
     117.1835445775        5.8090549142         .0000000000
     117.1809989556        5.8181060141         .0000000000
     117.1801504150        5.8302684296         .0000000000
     117.1824131900        5.8449764670         .0000000000
     117.1889186680        5.8565731888         .0000000000
     117.1940099117        5.8681699106         .0000000000
     117.1951412992        5.8823122542         .0000000000
     117.1971212273        5.8930604354         .0000000000
     117.2019296242        5.9026772290         .0000000000
     117.2101321835        5.9069199321         .0000000000
     117.2146577335        5.9179509601         .0000000000
     117.2138091928        5.9312447632         .0000000000
     117.2174862022        5.9451042599         .0000000000
     117.2208803647        5.9473670349         .0000000000
     117.2276686896        5.9402958631         .0000000000
     117.2353055552        5.9414272506         .0000000000
     117.2406796457        5.9451042599         .0000000000
     117.2460537363        5.9533068192         .0000000000
     117.2517106738        5.9595294504         .0000000000
     117.2613274674        5.9598122973         .0000000000
     117.2720756486        5.9668834691         .0000000000
     117.2839552173        5.9733889472         .0000000000
     117.2947033984        5.9770659565         .0000000000
     117.2966833265        5.9798944253         .0000000000
     117.2959396339        5.9874380963         .0000000000
     117.2907870500        5.9934790567         .0000000000
     117.2811925834        5.9968548875         .0000000000
     117.2731971946        6.0030735232         .0000000000
     117.2653794811        6.0059163281         .0000000000
     117.2536529109        6.0062716788         .0000000000
     117.2456575221        6.0123126392         .0000000000
     117.2389058604        6.0203080280         .0000000000
     117.2317988482        6.0263489884         .0000000000
     117.2214936804        6.0316792476         .0000000000
     117.2056805781        6.0334560007         .0000000000
     117.1941316832        6.0343443772         .0000000000
     117.1745873995        6.0302578451         .0000000000
     117.1639268811        6.0183535996         .0000000000
     117.1520226355        6.0076930812         .0000000000
     117.1470477269        5.9966772122         .0000000000
     117.1429611949        5.9845952913         .0000000000
     117.1392300134        5.9726910458         .0000000000
     117.1349658061        5.9657617089         .0000000000
     117.1317676506        5.9547458398         .0000000000
     117.1283918197        5.9414201918         .0000000000
     117.1259043655        5.9316480500         .0000000000
     117.1243052877        5.9215205575         .0000000000
     117.1227062099        5.9138805193         .0000000000
     117.1179089767        5.9041083775         .0000000000
     117.1118680162        5.8946915862         .0000000000
     117.1051163546        5.8865185221         .0000000000
     117.1003191213        5.8804775617         .0000000000
     117.0985423682        5.8715937964         .0000000000
     117.0958772386        5.8593342002         .0000000000
     117.0948111868        5.8454755263         .0000000000
     117.0964102646        5.8341043067         .0000000000
     117.1001414460        5.8190019056         .0000000000
     117.1045833287        5.8047878811         .0000000000
     117.1131117434        5.7893301294         .0000000000
     117.1207517816        5.7843552208         .0000000000
     117.1370979098        5.7706742222         .0000000000
     117.1456263245        5.7594806779         .0000000000
     117.1491798306        5.7473987571         .0000000000
     117.1510675419        5.7341215003         .0000000000
     117.1496997182        5.7257191549         .0000000000
     117.1473548776        5.7182938264         .0000000000
     117.1444238269        5.7100868843         .0000000000
     117.1401249525        5.7003167152         .0000000000
     117.1340674476        5.6895695292         .0000000000
     117.1250788921        5.6756958890         .0000000000
     117.1215616312        5.6663165267         .0000000000
     117.1211708244        5.6577187779         .0000000000
     117.1225386481        5.6514658697         .0000000000
     117.1268375225        5.6475578020         .0000000000
     117.1364122882        5.6473623986         .0000000000
     117.1454008438        5.6502934494         .0000000000
     117.1534123825        5.6506842561         .0000000000
     117.1516537520        5.6436497344         .0000000000
     117.1432514066        5.6385692464         .0000000000
     117.1336766409        5.6342703720         .0000000000
     117.1248834887        5.6276266570         .0000000000
     117.1133546891        5.6205921353         .0000000000
     117.0968346771        5.6099394368         .0000000000
     117.0838728471        5.6068035102         .0000000000
     117.0707019554        5.6003225952         .0000000000
     117.0625485462        5.5879879506         .0000000000
     117.0537679517        5.5750261206         .0000000000
     117.0464507896        5.5658274026         .0000000000
     117.0403879982        5.5545380668         .0000000000
     117.0349523921        5.5470118429         .0000000000
     117.0351614539        5.5390674955         .0000000000
     117.0447782954        5.5302869011         .0000000000
     117.0518863958        5.5288234686         .0000000000
     117.0573220019        5.5240150478         .0000000000
     117.0602488667        5.5194156888         .0000000000
     117.0580017403        5.5141359507         .0000000000
>    16LINE      Ultrabasic rocks nan       42
     117.0319209964        5.9384800139         .0000000000
     117.0117465352        5.9384800139         .0000000000
     117.0032795334        5.9293858268         .0000000000
     116.9927219138        5.9155877497         .0000000000
     116.9831050722        5.9069116861         .0000000000
     116.9840458502        5.8944725106         .0000000000
     116.9931400374        5.8845420763         .0000000000
     117.0008753230        5.8842284837         .0000000000
     117.0121646588        5.8891414354         .0000000000
     117.0178093267        5.8971903136         .0000000000
     117.0251264887        5.9036712286         .0000000000
     117.0340116141        5.9026259198         .0000000000
     117.0426876777        5.8984446843         .0000000000
     117.0467643823        5.8928000164         .0000000000
     117.0552313841        5.8850647308         .0000000000
     117.0647436948        5.8777475687         .0000000000
     117.0731061658        5.8714757155         .0000000000
     117.0815731676        5.8665627638         .0000000000
     117.0874268973        5.8686533816         .0000000000
     117.0875314281        5.8750297656         .0000000000
     117.0824094147        5.8856919161         .0000000000
     117.0822003529        5.8901867442         .0000000000
     117.0875314281        5.8988628078         .0000000000
     117.0978799859        5.9096294892         .0000000000
     117.1091693217        5.9175738366         .0000000000
     117.1164864838        5.9266680237         .0000000000
     117.1178453853        5.9332534696         .0000000000
     117.1140822734        5.9382709522         .0000000000
     117.1072877657        5.9388981375         .0000000000
     117.0954757755        5.9375392359         .0000000000
     117.0867997119        5.9382709522         .0000000000
     117.0793780190        5.9384800139         .0000000000
     117.0739424129        5.9377482977         .0000000000
     117.0682977450        5.9374347051         .0000000000
     117.0586809034        5.9340897167         .0000000000
     117.0533498282        5.9280269252         .0000000000
     117.0541860753        5.9224867882         .0000000000
     117.0509456178        5.9193508616         .0000000000
     117.0453009499        5.9207097632         .0000000000
     117.0381928496        5.9292812959         .0000000000
     117.0348478612        5.9352395564         .0000000000
     117.0319209964        5.9384800139         .0000000000
>    17LINE      Ultrabasic rocks nan       14
     117.0265899211        5.8750297656         .0000000000
     117.0191682282        5.8680261962         .0000000000
     117.0160323016        5.8580957620         .0000000000
     117.0205271297        5.8452384629         .0000000000
     117.0287850698        5.8417889437         .0000000000
     117.0399698747        5.8473290807         .0000000000
     117.0470779750        5.8582002929         .0000000000
     117.0499003089        5.8669808874         .0000000000
     117.0495867162        5.8736708641         .0000000000
     117.0450918881        5.8825559895         .0000000000
     117.0394472202        5.8874689412         .0000000000
     117.0327572435        5.8839148910         .0000000000
     117.0277397609        5.8763886672         .0000000000
     117.0265899211        5.8750297656         .0000000000
>    18LINE      Ultrabasic rocks nan       34
     116.9255608191        5.8365101339         .0000000000
     116.9109787604        5.8303950770         .0000000000
     116.9067452595        5.8223984642         .0000000000
     116.9139578906        5.8078164055         .0000000000
     116.9238360594        5.8015445522         .0000000000
     116.9374773402        5.7933911431         .0000000000
     116.9476691016        5.7944887174         .0000000000
     116.9586448447        5.7998197926         .0000000000
     116.9724429218        5.7973110513         .0000000000
     116.9859274062        5.7899416238         .0000000000
     116.9983143163        5.7838265669         .0000000000
     117.0161890979        5.7761435468         .0000000000
     117.0301439713        5.7717532495         .0000000000
     117.0459804006        5.7650110073         .0000000000
     117.0557017731        5.7614046917         .0000000000
     117.0707542208        5.7581119688         .0000000000
     117.0801620006        5.7596799321         .0000000000
     117.0853362795        5.7708124715         .0000000000
     117.0829843346        5.7811610293         .0000000000
     117.0781236483        5.7952726990         .0000000000
     117.0691862575        5.8053076642         .0000000000
     117.0531930318        5.8170673889         .0000000000
     117.0392381584        5.8233392421         .0000000000
     117.0240289144        5.8319630403         .0000000000
     117.0080356887        5.8391756715         .0000000000
     116.9859274062        5.8430955797         .0000000000
     116.9719725328        5.8441931540         .0000000000
     116.9605264007        5.8476426733         .0000000000
     116.9487666759        5.8537577302         .0000000000
     116.9448467677        5.8559528788         .0000000000
     116.9334006356        5.8543849155         .0000000000
     116.9286967457        5.8482698586         .0000000000
     116.9308918943        5.8405868385         .0000000000
     116.9255608191        5.8365101339         .0000000000
>    19LINE      Ultrabasic rocks nan       22
     117.1231764605        5.2355620658         .0000000000
     117.1204586575        5.2214503961         .0000000000
     117.1172182000        5.2118335545         .0000000000
     117.1151275823        5.1982445392         .0000000000
     117.1174272618        5.1896730065         .0000000000
     117.1240127076        5.1831920915         .0000000000
     117.1334204874        5.1804742884         .0000000000
     117.1453370085        5.1807878811         .0000000000
     117.1567308752        5.1842374004         .0000000000
     117.1658250623        5.1897775374         .0000000000
     117.1713651993        5.1987671936         .0000000000
     117.1747101877        5.2095338750         .0000000000
     117.1741875333        5.2213458652         .0000000000
     117.1724105082        5.2352484731         .0000000000
     117.1713651993        5.2422520425         .0000000000
     117.1717833229        5.2497782664         .0000000000
     117.1705289522        5.2536459092         .0000000000
     117.1545357266        5.2542730945         .0000000000
     117.1464868483        5.2513462297         .0000000000
     117.1242217694        5.2488374884         .0000000000
     117.1224447443        5.2447607838         .0000000000
     117.1231764605        5.2355620658         .0000000000
>    20LINE      Ultrabasic rocks nan       24
     117.1459456354        5.1553681382         .0000000000
     117.1430384177        5.1599854840         .0000000000
     117.1356848670        5.1649448554         .0000000000
     117.1273052395        5.1644318170         .0000000000
     117.1175575096        5.1604985224         .0000000000
     117.1173864968        5.1521188949         .0000000000
     117.1189256120        5.1422001522         .0000000000
     117.1228589066        5.1353596399         .0000000000
     117.1286733420        5.1293741917         .0000000000
     117.1363689183        5.1256119099         .0000000000
     117.1478267763        5.1213365898         .0000000000
     117.1584295703        5.1213365898         .0000000000
     117.1674932490        5.1223626666         .0000000000
     117.1760438893        5.1269800124         .0000000000
     117.1859626321        5.1329654606         .0000000000
     117.1916060547        5.1451073699         .0000000000
     117.1910930163        5.1538290230         .0000000000
     117.1866466833        5.1616956121         .0000000000
     117.1818583247        5.1615245993         .0000000000
     117.1750178125        5.1579333303         .0000000000
     117.1661251466        5.1512638309         .0000000000
     117.1591136215        5.1497247156         .0000000000
     117.1515890580        5.1505797797         .0000000000
     117.1459456354        5.1553681382         .0000000000
>    21LINE      Ultrabasic rocks nan       38
     117.1902379522        5.1156931672         .0000000000
     117.1928031443        5.1061164500         .0000000000
     117.1875017473        5.0997889762         .0000000000
     117.1724526204        5.0994469506         .0000000000
     117.1551803270        5.0979078353         .0000000000
     117.1456036098        5.0885021310         .0000000000
     117.1462876610        5.0796094651         .0000000000
     117.1478267763        5.0734530040         .0000000000
     117.1541542501        5.0625081844         .0000000000
     117.1592846343        5.0578908387         .0000000000
     117.1645860313        5.0501952624         .0000000000
     117.1803770613        5.0412873012         .0000000000
     117.1856176768        5.0393220704         .0000000000
     117.1940026615        5.0361777011         .0000000000
     117.2044838924        5.0339504396         .0000000000
     117.2156202002        5.0352605934         .0000000000
     117.2224330003        5.0384049627         .0000000000
     117.2292458004        5.0440386243         .0000000000
     117.2322591542        5.0482311167         .0000000000
     117.2338313389        5.0580572706         .0000000000
     117.2335693081        5.0634289014         .0000000000
     117.2317350927        5.0719449015         .0000000000
     117.2274115850        5.0798058247         .0000000000
     117.2228260464        5.0834742555         .0000000000
     117.2209918310        5.0860945632         .0000000000
     117.2215158926        5.0908111171         .0000000000
     117.2271495542        5.0923833018         .0000000000
     117.2314730619        5.0938244710         .0000000000
     117.2340933696        5.0978859480         .0000000000
     117.2333072773        5.1057468712         .0000000000
     117.2266254926        5.1126906866         .0000000000
     117.2205987849        5.1198965329         .0000000000
     117.2161442617        5.1269713637         .0000000000
     117.2105106001        5.1347012715         .0000000000
     117.2022566308        5.1358804100         .0000000000
     117.1964919538        5.1294606560         .0000000000
     117.1917753999        5.1200275482         .0000000000
     117.1902379522        5.1156931672         .0000000000
>    54LINE      Ultrabasic rocks nan       73
     117.2170451700        5.8232035812         .0000000000
     117.2139758203        5.8093915074         .0000000000
     117.2148966252        5.7872921893         .0000000000
     117.2185798449        5.7768564002         .0000000000
     117.2323919187        5.7716385057         .0000000000
     117.2397583581        5.7679552860         .0000000000
     117.2538773668        5.7590541717         .0000000000
     117.2612438062        5.7507669275         .0000000000
     117.2719865303        5.7406380733         .0000000000
     117.2799668396        5.7320438941         .0000000000
     117.2931650435        5.7252913246         .0000000000
     117.3100464670        5.7234497148         .0000000000
     117.3244724108        5.7295884143         .0000000000
     117.3346012649        5.7391033985         .0000000000
     117.3428885092        5.7470837078         .0000000000
     117.3563936480        5.7538362772         .0000000000
     117.3689779820        5.7584403018         .0000000000
     117.3821761858        5.7602819116         .0000000000
     117.3913842350        5.7697968958         .0000000000
     117.3889287552        5.7786980101         .0000000000
     117.3827900558        5.7863713844         .0000000000
     117.3751166814        5.7922031489         .0000000000
     117.3674433071        5.7961933035         .0000000000
     117.3563936480        5.8038666779         .0000000000
     117.3487202737        5.8081637675         .0000000000
     117.3364428747        5.8146094020         .0000000000
     117.3269278906        5.8176787517         .0000000000
     117.3137296867        5.8204411665         .0000000000
     117.3100464670        5.8241243861         .0000000000
     117.3186406463        5.8330255004         .0000000000
     117.3253932157        5.8410058097         .0000000000
     117.3226308009        5.8495999890         .0000000000
     117.3146504916        5.8471445092         .0000000000
     117.3088187271        5.8382433949         .0000000000
     117.3029869626        5.8317977605         .0000000000
     117.2931650435        5.8278076058         .0000000000
     117.2861055391        5.8265798659         .0000000000
     117.2827292544        5.8324116304         .0000000000
     117.2845708642        5.8406988747         .0000000000
     117.2916303686        5.8489861190         .0000000000
     117.3005314828        5.8532832086         .0000000000
     117.3014522878        5.8634120628         .0000000000
     117.3042147025        5.8692438273         .0000000000
     117.3115811419        5.8750755918         .0000000000
     117.3247793458        5.8726201120         .0000000000
     117.3327596551        5.8677091524         .0000000000
     117.3444231841        5.8652536726         .0000000000
     117.3487202737        5.8720062420         .0000000000
     117.3487202737        5.8858183158         .0000000000
     117.3438093141        5.8965610399         .0000000000
     117.3342943299        5.9048482842         .0000000000
     117.3263140206        5.9094523088         .0000000000
     117.3180267763        5.9094523088         .0000000000
     117.3115811419        5.9119077886         .0000000000
     117.3039077675        5.9149771383         .0000000000
     117.2953135883        5.9122147236         .0000000000
     117.2818084494        5.9069968290         .0000000000
     117.2729073352        5.9017789345         .0000000000
     117.2692241155        5.9045413492         .0000000000
     117.2673825057        5.9097592438         .0000000000
     117.2646200909        5.9125216585         .0000000000
     117.2572536516        5.9116008536         .0000000000
     117.2551051067        5.9066898941         .0000000000
     117.2505010821        5.8987095847         .0000000000
     117.2544912368        5.8947194301         .0000000000
     117.2575605865        5.8873529907         .0000000000
     117.2465109275        5.8802934863         .0000000000
     117.2385306182        5.8689368923         .0000000000
     117.2320849837        5.8609565830         .0000000000
     117.2262532192        5.8548178835         .0000000000
     117.2204214547        5.8419266146         .0000000000
     117.2182729099        5.8321046955         .0000000000
     117.2170451700        5.8232035812         .0000000000