>    1LINE      Kinabalu Granite nan       40
     116.5482010433        6.1076180234         .0000000000
     116.5524433975        6.1119059942         .0000000000
     116.5538118988        6.1159202648         .0000000000
     116.5539943657        6.1205731693         .0000000000
     116.5550435500        6.1265945752         .0000000000
     116.5612018060        6.1320229638         .0000000000
     116.5686373299        6.1362653180         .0000000000
     116.5773501218        6.1404620554         .0000000000
     116.5874314149        6.1452974268         .0000000000
     116.5968740741        6.1498134812         .0000000000
     116.6043095981        6.1502240316         .0000000000
     116.6133873236        6.1494485475         .0000000000
     116.6210053143        6.1467115448         .0000000000
     116.6267986367        6.1425148074         .0000000000
     116.6311778409        6.1372688856         .0000000000
     116.6383396646        6.1287385606         .0000000000
     116.6417153012        6.1228083882         .0000000000
     116.6435855864        6.1160114982         .0000000000
     116.6444979206        6.1085303576         .0000000000
     116.6445435373        6.1019159345         .0000000000
     116.6445435373        6.0941610936         .0000000000
     116.6439505200        6.0843078840         .0000000000
     116.6413367751        6.0777571264         .0000000000
     116.6377552676        6.0693789572         .0000000000
     116.6326388284        6.0605530995         .0000000000
     116.6235938646        6.0476059128         .0000000000
     116.6132493133        6.0422654331         .0000000000
     116.5980816841        6.0400600077         .0000000000
     116.5846580592        6.0385841117         .0000000000
     116.5703910652        6.0355620391         .0000000000
     116.5527505947        6.0390057963         .0000000000
     116.5334233861        6.0469475220         .0000000000
     116.5218973416        6.0547486863         .0000000000
     116.5165560039        6.0661341692         .0000000000
     116.5188049882        6.0782224597         .0000000000
     116.5242166067        6.0863750277         .0000000000
     116.5311744018        6.0922786115         .0000000000
     116.5380619161        6.0983227567         .0000000000
     116.5462847649        6.1042263405         .0000000000
     116.5482010433        6.1076180234         .0000000000
>    2LINE      Kinabalu Granite nan       12
     116.6391678157        6.0062830750         .0000000000
     116.6332642320        5.9962188703         .0000000000
     116.6333204566        5.9902590620         .0000000000
     116.6364128100        5.9841868044         .0000000000
     116.6411919016        5.9812631249         .0000000000
     116.6485573251        5.9840743552         .0000000000
     116.6488384481        5.9916646772         .0000000000
     116.6492882450        5.9986927531         .0000000000
     116.6481075283        6.0040340907         .0000000000
     116.6436095597        6.0085882839         .0000000000
     116.6402923079        6.0087007331         .0000000000
     116.6391678157        6.0062830750         .0000000000
>    3LINE      Kinabalu Granite nan       13
     116.6924617151        6.0364335205         .0000000000
     116.6902197589        6.0292227147         .0000000000
     116.6929747647        6.0246122969         .0000000000
     116.6973602840        6.0218010665         .0000000000
     116.7045570337        6.0234315802         .0000000000
     116.7089425531        6.0269737304         .0000000000
     116.7100670452        6.0310781267         .0000000000
     116.7100108206        6.0353511968         .0000000000
     116.7070871410        6.0391182455         .0000000000
     116.7009586589        6.0408049837         .0000000000
     116.6955048720        6.0399616146         .0000000000
     116.6926374170        6.0371503843         .0000000000
     116.6924617151        6.0364335205         .0000000000
>    4LINE      Kinabalu Granite nan       12
     116.7519379786        5.9641638163         .0000000000
     116.7530624707        5.9543432516         .0000000000
     116.7589847960        5.9507448767         .0000000000
     116.7653944012        5.9513446059         .0000000000
     116.7703046836        5.9554677437         .0000000000
     116.7736781600        5.9613900690         .0000000000
     116.7729284986        5.9673123943         .0000000000
     116.7698548867        5.9713230829         .0000000000
     116.7647946721        5.9740968302         .0000000000
     116.7579352700        5.9735720672         .0000000000
     116.7538496152        5.9688492002         .0000000000
     116.7519379786        5.9641638163         .0000000000
>    5LINE      Kinabalu Granite nan       13
     116.7618491274        5.9961681120         .0000000000
     116.7620490371        5.9895211140         .0000000000
     116.7643979762        5.9863225586         .0000000000
     116.7700954031        5.9855229198         .0000000000
     116.7758428074        5.9878218815         .0000000000
     116.7782917014        5.9923198500         .0000000000
     116.7786915208        5.9985670286         .0000000000
     116.7773421302        6.0035147940         .0000000000
     116.7742935071        6.0067633269         .0000000000
     116.7705451999        6.0074630109         .0000000000
     116.7642980214        6.0036147489         .0000000000
     116.7624988340        5.9991167803         .0000000000
     116.7618491274        5.9961681120         .0000000000
>    6LINE      Kinabalu Granite nan       45
     116.7873875933        5.9892212495         .0000000000
     116.7833394216        5.9861226489         .0000000000
     116.7827396925        5.9822244095         .0000000000
     116.7860382028        5.9783261701         .0000000000
     116.7908860133        5.9768768246         .0000000000
     116.8002817699        5.9789758766         .0000000000
     116.8022808670        5.9837237323         .0000000000
     116.8041800093        5.9890213397         .0000000000
     116.8074785196        5.9906206175         .0000000000
     116.8120264656        5.9933693760         .0000000000
     116.8146752693        5.9965179540         .0000000000
     116.8158747276        5.9998164643         .0000000000
     116.8166243890        6.0053139814         .0000000000
     116.8197729670        6.0109114534         .0000000000
     116.8248206873        6.0124107763         .0000000000
     116.8313677304        6.0141100088         .0000000000
     116.8346662407        6.0165089254         .0000000000
     116.8351160375        6.0215566457         .0000000000
     116.8316176175        6.0248051785         .0000000000
     116.8272196038        6.0273540274         .0000000000
     116.8234213193        6.0295030568         .0000000000
     116.8252205067        6.0344508222         .0000000000
     116.8264199650        6.0382990842         .0000000000
     116.8248706647        6.0437466239         .0000000000
     116.8224217707        6.0456457662         .0000000000
     116.8184235764        6.0476948408         .0000000000
     116.8136257433        6.0476448634         .0000000000
     116.8071786550        6.0473449988         .0000000000
     116.8016811379        6.0466952922         .0000000000
     116.7969332822        6.0431968722         .0000000000
     116.7938346816        6.0388488359         .0000000000
     116.7930350428        6.0341509577         .0000000000
     116.7950341399        6.0302027408         .0000000000
     116.7989323793        6.0284535308         .0000000000
     116.8004317022        6.0254548851         .0000000000
     116.8008814990        6.0217565554         .0000000000
     116.7999319279        6.0144598508         .0000000000
     116.7982826727        6.0112113180         .0000000000
     116.7961336433        6.0090123111         .0000000000
     116.7924353136        6.0063635074         .0000000000
     116.7913857876        6.0035147940         .0000000000
     116.7911359005        5.9987669383         .0000000000
     116.7912358553        5.9935193083         .0000000000
     116.7891867808        5.9898709560         .0000000000
     116.7873875933        5.9892212495         .0000000000
>    7LINE      Kinabalu Granite nan       25
     116.7507041608        6.0204571423         .0000000000
     116.7548522874        6.0156593091         .0000000000
     116.7587505268        6.0125607086         .0000000000
     116.7635983374        6.0136602120         .0000000000
     116.7683961705        6.0199573680         .0000000000
     116.7677464639        6.0270041854         .0000000000
     116.7659972540        6.0351005288         .0000000000
     116.7641480891        6.0392986328         .0000000000
     116.7628986534        6.0425971431         .0000000000
     116.7640791076        6.0472643859         .0000000000
     116.7647811073        6.0534068834         .0000000000
     116.7629383580        6.0588035062         .0000000000
     116.7563132357        6.0645072539         .0000000000
     116.7513114878        6.0651215036         .0000000000
     116.7467923646        6.0622696298         .0000000000
     116.7457393650        6.0577943816         .0000000000
     116.7461342399        6.0526610087         .0000000000
     116.7492054886        6.0452900117         .0000000000
     116.7519696125        6.0428768877         .0000000000
     116.7523206123        6.0379628897         .0000000000
     116.7513553627        6.0347600160         .0000000000
     116.7486351138        6.0327417668         .0000000000
     116.7473188644        6.0282665186         .0000000000
     116.7488983637        6.0205883967         .0000000000
     116.7507041608        6.0204571423         .0000000000
