>    1LINE      Western Cordillera       235
     115.6657290496        4.8731956246         .0000000000
     115.6806313959        4.9022159834         .0000000000
     115.6896512372        4.9296676741         .0000000000
     115.6861217341        4.9571193648         .0000000000
     115.6778862269        4.9943752308         .0000000000
     115.6716115547        5.0214347545         .0000000000
     115.6602387114        5.0551611174         .0000000000
     115.6657290496        5.0853579771         .0000000000
     115.6872982351        5.1437908617         .0000000000
     115.7163185939        5.1967334080         .0000000000
     115.7504371238        5.2426169482         .0000000000
     115.7629864681        5.2614409647         .0000000000
     115.8143603464        5.3142527888         .0000000000
     115.8394590351        5.3388285881         .0000000000
     115.8608974983        5.3644501661         .0000000000
     115.8797215148        5.3811826252         .0000000000
     115.9058659821        5.4177848794         .0000000000
     115.9576320275        5.4726882609         .0000000000
     115.9958029498        5.5056302897         .0000000000
     116.0146269663        5.5375265399         .0000000000
     116.0292678680        5.5861552491         .0000000000
     116.0423401017        5.6222346141         .0000000000
     116.0684845690        5.6604055364         .0000000000
     116.0836483601        5.6755693275         .0000000000
     116.1009037085        5.7121715817         .0000000000
     116.1197277250        5.7440678319         .0000000000
     116.1369830735        5.7623689590         .0000000000
     116.1537155326        5.7811929755         .0000000000
     116.1652190982        5.8470770332         .0000000000
     116.1868318579        5.8868166236         .0000000000
     116.2021699454        5.9286477714         .0000000000
     116.2049586886        5.9802395203         .0000000000
     116.2223883335        6.0346200123         .0000000000
     116.2837406835        6.1154935647         .0000000000
     116.3646142358        6.1663881278         .0000000000
     116.4468821597        6.2117052045         .0000000000
     116.4970795370        6.2570222812         .0000000000
     116.5291500836        6.2890928278         .0000000000
     116.5598262587        6.3309239756         .0000000000
     116.5793474609        6.3692691944         .0000000000
     116.5835305757        6.4194665717         .0000000000
     116.5932911769        6.4654808342         .0000000000
     116.6232701661        6.5066147961         .0000000000
     116.6602210133        6.5254388126         .0000000000
     116.6888056309        6.5247416268         .0000000000
     116.7369114508        6.5101007251         .0000000000
     116.7571298389        6.4843048507         .0000000000
     116.7773482270        6.4599033478         .0000000000
     116.8073272162        6.4445652603         .0000000000
     116.8435808776        6.4257412438         .0000000000
     116.8684779418        6.4200249658         .0000000000
     116.8828003759        6.4215673818         .0000000000
     116.8901819382        6.4444832764         .0000000000
     116.8971228101        6.4765434944         .0000000000
     116.9092417928        6.5019933581         .0000000000
     116.9273100943        6.5072816414         .0000000000
     116.9492344358        6.5089342300         .0000000000
     116.9696163613        6.5050781900         .0000000000
     116.9821760343        6.4826029857         .0000000000
     116.9869134548        6.4639838214         .0000000000
     116.9854812114        6.4464663827         .0000000000
     116.9852608662        6.4341270548         .0000000000
     116.9851506937        6.4282879086         .0000000000
     116.9860320742        6.4220080721         .0000000000
     116.9879050079        6.4185927224         .0000000000
     116.9895541536        6.4158934945         .0000000000
     116.9909485252        6.4092702294         .0000000000
     116.9926914897        6.4016011856         .0000000000
     116.9944344542        6.3939321419         .0000000000
     116.9947830471        6.3880060626         .0000000000
     116.9958288258        6.3824285763         .0000000000
     116.9972231973        6.3789426473         .0000000000
     117.0021034979        6.3569812947         .0000000000
     117.0150014351        6.3371114995         .0000000000
     117.0251106292        6.3228191907         .0000000000
     117.0359170090        6.3067839174         .0000000000
     117.0516036894        6.2945831660         .0000000000
     117.0679875556        6.2806394501         .0000000000
     117.0826284573        6.2694844773         .0000000000
     117.0951778017        6.2621640265         .0000000000
     117.1160933755        6.2555407614         .0000000000
     117.1328258346        6.2524034253         .0000000000
     117.1464209577        6.2485689034         .0000000000
     117.1732626108        6.2388083023         .0000000000
     117.1795372830        6.2311392586         .0000000000
     117.1899950699        6.2154525781         .0000000000
     117.2014986355        6.2008116764         .0000000000
     117.2143965728        6.1858221818         .0000000000
     117.2234599881        6.1656037937         .0000000000
     117.1950845262        6.1286529466         .0000000000
     117.1526956298        6.1225177116         .0000000000
     117.0985940121        6.1236332088         .0000000000
     117.0511853779        6.1180557225         .0000000000
     117.0294331811        6.1359036788         .0000000000
     117.0115852247        6.1598868702         .0000000000
     116.9831400443        6.1760615807         .0000000000
     116.9652920879        6.1682530998         .0000000000
     116.9468863829        6.1515206407         .0000000000
     116.9273651806        6.1308839411         .0000000000
     116.9067284810        6.1096894929         .0000000000
     116.8782833006        6.0818020611         .0000000000
     116.8464916283        6.0600498642         .0000000000
     116.8158154533        6.0355089242         .0000000000
     116.7812350378        6.0165454706         .0000000000
     116.7315954091        5.9819650551         .0000000000
     116.7020347314        5.9602128583         .0000000000
     116.6719163050        5.9317676778         .0000000000
     116.6585303377        5.9033224973         .0000000000
     116.6507218568        5.8681843332         .0000000000
     116.6557415945        5.8375081582         .0000000000
     116.7444236278        5.8135249668         .0000000000
     116.7555786005        5.7982798374         .0000000000
     116.7685927354        5.7685332435         .0000000000
     116.7618997517        5.7242851849         .0000000000
     116.7369869793        5.6830117858         .0000000000
     116.7094713799        5.6272369222         .0000000000
     116.6670824835        5.5815015340         .0000000000
     116.6377077219        5.5524986048         .0000000000
     116.5875103446        5.4996984006         .0000000000
     116.5681750586        5.4811067793         .0000000000
     116.5417749564        5.4547066772         .0000000000
     116.5135156922        5.4335122290         .0000000000
     116.4871155900        5.3680697223         .0000000000
     116.4926930764        5.3420414526         .0000000000
     116.5038480491        5.3115511938         .0000000000
     116.5075663734        5.2803172701         .0000000000
     116.5194650110        5.2475960168         .0000000000
     116.5391721295        5.2178494228         .0000000000
     116.5510707670        5.2022324610         .0000000000
     116.5681750586        5.1750886940         .0000000000
     116.5845356852        5.1521590278         .0000000000
     116.5810652493        5.1335674066         .0000000000
     116.5671835054        5.1167110034         .0000000000
     116.5528059850        5.1152236737         .0000000000
     116.5300002630        5.1266265347         .0000000000
     116.5195889551        5.1382772840         .0000000000
     116.4982705628        5.1310885238         .0000000000
     116.4905860260        5.1147278971         .0000000000
     116.4662929743        5.0961362759         .0000000000
     116.4667887508        5.0797756492         .0000000000
     116.4667887508        5.0619276928         .0000000000
     116.4581126609        5.0420966302         .0000000000
     116.4405125928        5.0185472433         .0000000000
     116.4325801678        5.0014429518         .0000000000
     116.4164674294        4.9754146821         .0000000000
     116.4243998544        4.9516174069         .0000000000
     116.4432393639        4.9332736740         .0000000000
     116.4556337781        4.8995608675         .0000000000
     116.4610873203        4.8688227204         .0000000000
     116.4675324157        4.8276732654         .0000000000
     116.4665408625        4.7989182246         .0000000000
     116.4566253312        4.7681800775         .0000000000
     116.4328280561        4.7384334835         .0000000000
     116.4179547591        4.7096784427         .0000000000
     116.4144843231        4.6739825300         .0000000000
     116.4293576201        4.6491937017         .0000000000
     116.4318365029        4.6293626390         .0000000000
     116.4214251950        4.5991202685         .0000000000
     116.4020899090        4.5773060996         .0000000000
     116.3763095275        4.5584665901         .0000000000
     116.3470587101        4.5564834838         .0000000000
     116.3197909990        4.5604496964         .0000000000
     116.2935148410        4.5713567808         .0000000000
     116.2756668847        4.5916836200         .0000000000
     116.2548442689        4.6060611404         .0000000000
     116.2394751953        4.6040780342         .0000000000
     116.2379878656        4.5882131841         .0000000000
     116.2469118438        4.5673905683         .0000000000
     116.2449287376        4.5515257182         .0000000000
     116.2325343234        4.5326862087         .0000000000
     116.2171652499        4.5197960180         .0000000000
     116.1978299638        4.5064100507         .0000000000
     116.1869228793        4.4935198600         .0000000000
     116.1814693371        4.4717056911         .0000000000
     116.2003088466        4.4538577347         .0000000000
     116.2275765578        4.4429506502         .0000000000
     116.2543484923        4.4251026939         .0000000000
     116.2657513533        4.4047758547         .0000000000
     116.2667429065        4.3804828029         .0000000000
     116.2578189283        4.3547024215         .0000000000
     116.2315427703        4.3527193152         .0000000000
     116.2117117076        4.3601559637         .0000000000
     116.1819651137        4.3636263997         .0000000000
     116.1661002636        4.3720546013         .0000000000
     116.1507311900        4.3690799419         .0000000000
     116.1378409993        4.3512319855         .0000000000
     116.1079291465        4.3170234025         .0000000000
     116.0795046234        4.3163623671         .0000000000
     116.0649618441        4.2945481982         .0000000000
     116.0371983564        4.2700898876         .0000000000
     116.0061296916        4.2866157731         .0000000000
     115.9882817353        4.3196675442         .0000000000
     115.9486196100        4.3355323943         .0000000000
     115.9201950869        4.3408206777         .0000000000
     115.8904484929        4.3580075986         .0000000000
     115.8653291469        4.3765165904         .0000000000
     115.8375656592        4.3613127757         .0000000000
     115.8342604821        4.3388375714         .0000000000
     115.8428539426        4.3031416586         .0000000000
     115.8421929072        4.2846326668         .0000000000
     115.8382266946        4.2740561001         .0000000000
     115.8064969944        4.2489367541         .0000000000
     115.7979035339        4.2185291247         .0000000000
     115.7655127983        4.2158849830         .0000000000
     115.7417155231        4.2310887977         .0000000000
     115.7132910000        4.2020032392         .0000000000
     115.6921378665        4.1782059640         .0000000000
     115.6663574851        4.1649852556         .0000000000
     115.6524757412        4.1398659096         .0000000000
     115.6452043516        4.1154075990         .0000000000
     115.6233901827        4.1266452012         .0000000000
     115.6088474034        4.1603580076         .0000000000
     115.6022370492        4.2020032392         .0000000000
     115.6081863680        4.2357160457         .0000000000
     115.6009149784        4.2733950647         .0000000000
     115.5890163408        4.3090909774         .0000000000
     115.5804228803        4.3487531027         .0000000000
     115.5791008095        4.3798217675         .0000000000
     115.5784397741        4.4141956094         .0000000000
     115.5572866406        4.4485694513         .0000000000
     115.5460490384        4.4802991515         .0000000000
     115.5632359594        4.5173171351         .0000000000
     115.5526593926        4.5530130479         .0000000000
     115.5407607550        4.5708610043         .0000000000
     115.5295231529        4.6006075982         .0000000000
     115.5394386842        4.6336593693         .0000000000
     115.5672021719        4.6601007861         .0000000000
     115.5863721991        4.6878642738         .0000000000
     115.5956266950        4.7182719032         .0000000000
     115.6081863680        4.7519847097         .0000000000
     115.6313226078        4.7751209494         .0000000000
     115.6412381391        4.7989182246         .0000000000
     115.6399160682        4.8280037831         .0000000000
     115.6524757412        4.8570893417         .0000000000
     115.6657290496        4.8731956246         .0000000000
