0	0.04187	-0.2091
0.04885	0.03418	-0.2185
0.0977	0.02734	-0.2272
0.1466	0.02128	-0.235
0.1954	0.01595	-0.242
0.2443	0.0113	-0.2481
0.2931	0.007291	-0.2534
0.342	0.003884	-0.2579
0.3908	0.001042	-0.2615
0.4397	-0.001268	-0.2643
0.4885	-0.00308	-0.2663
0.5374	-0.004427	-0.2675
0.5862	-0.005345	-0.2679
0.6351	-0.005875	-0.2675
0.6839	-0.006057	-0.2664
0.7328	-0.005936	-0.2645
0.7816	-0.005561	-0.2619
0.8305	-0.004981	-0.2586
0.8793	-0.004249	-0.2546
0.9282	-0.003416	-0.2499
0.977	-0.002532	-0.2445
1.026	-0.001646	-0.2384
1.075	-0.0007999	-0.2317
1.124	-3.174e-05	-0.2243
1.172	0.0006285	-0.2163
1.221	0.001158	-0.2077
1.27	0.001541	-0.1984
1.319	0.00177	-0.1886
1.368	0.001844	-0.1782
1.417	0.001766	-0.1673
1.466	0.001549	-0.156
1.514	0.001205	-0.1442
1.563	0.000753	-0.1321
1.612	0.0002124	-0.1197
1.661	-0.0003949	-0.1071
1.71	-0.001046	-0.09436
1.759	-0.001717	-0.08158
1.808	-0.002385	-0.06886
1.856	-0.003029	-0.05627
1.905	-0.003628	-0.04391
1.954	-0.004165	-0.03186
2.003	-0.004628	-0.02021
2.052	-0.005007	-0.009036
2.101	-0.005299	0.001594
2.149	-0.005505	0.0116
2.198	-0.005632	0.02093
2.247	-0.005696	0.02953
2.296	-0.005713	0.03737
2.345	-0.005705	0.04439
2.394	-0.005694	0.05058
2.443	-0.005702	0.0559
2.491	-0.005748	0.06035
2.54	-0.005848	0.06391
2.589	-0.006014	0.06659
2.638	-0.006248	0.06838
2.687	-0.00655	0.0693
2.736	-0.006909	0.06937
2.785	-0.007313	0.06863
2.833	-0.007742	0.06711
2.882	-0.008175	0.06487
2.931	-0.008591	0.06197
2.98	-0.008968	0.05848
3.029	-0.009287	0.05447
3.078	-0.009532	0.05004
3.127	-0.009693	0.04528
3.175	-0.009762	0.04027
3.224	-0.009739	0.03512
3.273	-0.009626	0.02991
3.322	-0.009429	0.02474
3.371	-0.009159	0.01968
3.42	-0.008828	0.0148
3.468	-0.008451	0.01017
3.517	-0.008042	0.005825
3.566	-0.007616	0.001801
3.615	-0.007187	-0.001887
3.664	-0.006765	-0.005234
3.713	-0.006359	-0.00825
3.762	-0.005973	-0.01095
3.81	-0.005608	-0.01338
3.859	-0.005261	-0.01556
3.908	-0.004925	-0.01755
3.957	-0.004591	-0.01939
4.006	-0.004248	-0.02115
4.055	-0.003883	-0.02287
4.104	-0.003485	-0.0246
4.152	-0.003041	-0.02639
4.201	-0.002542	-0.02828
4.25	-0.001979	-0.03031
4.299	-0.001347	-0.0325
4.348	-0.0006461	-0.03487
4.397	0.0001206	-0.03743
4.446	0.0009477	-0.04017
4.494	0.001828	-0.0431
4.543	0.002753	-0.04618
4.592	0.003714	-0.04939
4.641	0.004706	-0.05272
4.69	0.005723	-0.05611
4.739	0.006763	-0.05954
4.787	0.007828	-0.06295
4.836	0.008924	-0.0663
4.885	0.01006	-0.06954
4.934	0.01125	-0.07262
4.983	0.01251	-0.07549
5.032	0.01385	-0.07811
5.081	0.01529	-0.08042
5.129	0.01684	-0.08237
5.178	0.0185	-0.08393
5.227	0.02027	-0.08505
5.276	0.02215	-0.0857
5.325	0.02411	-0.08585
5.374	0.02615	-0.0855
5.423	0.02821	-0.08462
5.471	0.03028	-0.08321
5.52	0.0323	-0.08129
5.569	0.03423	-0.07886
5.618	0.03603	-0.07597
5.667	0.03765	-0.07263
5.716	0.03904	-0.06891
5.765	0.04017	-0.06484
5.813	0.041	-0.06048
5.862	0.0415	-0.05589
5.911	0.04166	-0.05114
5.96	0.04147	-0.04629
6.009	0.04091	-0.0414
6.058	0.04001	-0.03654
6.106	0.03877	-0.03175
6.155	0.03723	-0.02711
6.204	0.0354	-0.02265
6.253	0.03333	-0.01843
6.302	0.03105	-0.01448
6.351	0.02863	-0.01083
6.4	0.02609	-0.007516
6.448	0.02349	-0.004542
6.497	0.02089	-0.00191
6.546	0.01832	0.0003895
6.595	0.01582	0.002373
6.644	0.01343	0.004066
6.693	0.01118	0.0055
6.742	0.00909	0.006712
6.79	0.00717	0.007741
6.839	0.00543	0.008629
6.888	0.003869	0.009415
6.937	0.002484	0.01014
6.986	0.001265	0.01083
7.035	0.0002054	0.01153
7.084	-0.000705	0.01224
7.132	-0.001472	0.01297
7.181	-0.002099	0.01374
7.23	-0.002583	0.01454
7.279	-0.002915	0.01535
7.328	-0.003082	0.01617
7.377	-0.003066	0.01697
7.426	-0.002842	0.01774
7.474	-0.002386	0.01845
7.523	-0.00167	0.01907
7.572	-0.0006731	0.01959
7.621	0.0006252	0.01999
7.67	0.002237	0.02025
7.719	0.004165	0.02034
7.767	0.006402	0.02026
7.816	0.008929	0.01999
7.865	0.01172	0.01952
7.914	0.01472	0.01885
7.963	0.01789	0.01797
8.012	0.02115	0.01689
8.061	0.02445	0.01562
8.109	0.02769	0.01416
8.158	0.0308	0.01253
8.207	0.0337	0.01075
8.256	0.03631	0.008858
8.305	0.03856	0.006876
8.354	0.04037	0.004844
8.403	0.04169	0.002803
8.451	0.04247	0.0007965
8.5	0.04266	-0.001131
8.549	0.04225	-0.002928
8.598	0.04121	-0.004545
8.647	0.03957	-0.005932
8.696	0.03732	-0.007036
8.745	0.03449	-0.007805
8.793	0.03111	-0.008189
8.842	0.02721	-0.008138
8.891	0.02284	-0.007607
8.94	0.01803	-0.006552
8.989	0.01283	-0.004934
9.038	0.007266	-0.002716
9.086	0.001388	0.0001298
9.135	-0.004771	0.003628
9.184	-0.01118	0.007794
9.233	-0.0178	0.01263
9.282	-0.0246	0.01814
9.331	-0.03155	0.0243
9.38	-0.03863	0.03108
9.428	-0.0458	0.03844
9.477	-0.05303	0.04633
9.526	-0.06029	0.05467
9.575	-0.06755	0.06338
9.624	-0.07477	0.07238
9.673	-0.08193	0.08155
9.722	-0.089	0.09079
9.77	-0.09593	0.09998
9.819	-0.1027	0.109
9.868	-0.1093	0.1178
9.917	-0.1156	0.1261
9.966	-0.1217	0.134
10.01	-0.1275	0.1412
10.06	-0.133	0.1478
10.11	-0.1382	0.1536
10.16	-0.1429	0.1585
10.21	-0.1474	0.1625
10.26	-0.1513	0.1657
10.31	-0.1549	0.1679
10.36	-0.158	0.1691
10.41	-0.1607	0.1694
10.45	-0.1628	0.1688
10.5	-0.1645	0.1672
10.55	-0.1657	0.1648
10.6	-0.1663	0.1616
10.65	-0.1665	0.1576
10.7	-0.1661	0.1528
10.75	-0.1653	0.1474
10.8	-0.164	0.1413
10.85	-0.1623	0.1346
10.89	-0.1602	0.1274
10.94	-0.1577	0.1197
10.99	-0.1548	0.1116
11.04	-0.1516	0.1033
11.09	-0.148	0.09465
11.14	-0.1442	0.08589
11.19	-0.1402	0.07705
11.24	-0.1359	0.06823
11.28	-0.1315	0.0595
11.33	-0.1269	0.05094
11.38	-0.1223	0.04262
11.43	-0.1176	0.03462
11.48	-0.1128	0.027
11.53	-0.1081	0.01979
11.58	-0.1034	0.01305
11.63	-0.09886	0.006797
11.68	-0.0944	0.001061
11.72	-0.09008	-0.00415
11.77	-0.08593	-0.008835
11.82	-0.08195	-0.013
11.87	-0.07817	-0.01666
11.92	-0.07458	-0.01983
11.97	-0.07119	-0.02255
12.02	-0.06799	-0.02484
12.07	-0.06499	-0.02675
12.12	-0.06216	-0.02831
12.16	-0.0595	-0.02959
12.21	-0.05701	-0.03064
12.26	-0.05466	-0.03152
12.31	-0.05246	-0.03229
12.36	-0.05039	-0.03301
12.41	-0.04846	-0.03374
12.46	-0.04665	-0.03456
12.51	-0.04496	-0.03551
12.55	-0.0434	-0.03665
12.6	-0.04197	-0.03801
12.65	-0.04067	-0.03965
12.7	-0.03949	-0.04158
12.75	-0.03844	-0.04382
12.8	-0.03751	-0.04638
12.85	-0.0367	-0.04926
12.9	-0.03598	-0.05245
12.95	-0.03535	-0.05592
12.99	-0.03479	-0.05964
13.04	-0.03426	-0.06357
13.09	-0.03374	-0.06768
13.14	-0.0332	-0.0719
13.19	-0.03259	-0.07619
13.24	-0.03188	-0.08048
13.29	-0.03104	-0.08471
13.34	-0.03002	-0.08881
13.39	-0.02881	-0.09271
13.43	-0.02737	-0.09634
13.48	-0.0257	-0.09964
13.53	-0.02377	-0.1025
13.58	-0.0216	-0.105
13.63	-0.01918	-0.1069
13.68	-0.01653	-0.1083
13.73	-0.01367	-0.1091
13.78	-0.01062	-0.1094
13.83	-0.007406	-0.109
13.87	-0.004058	-0.1079
13.92	-0.0006109	-0.1063
13.97	0.002903	-0.1041
14.02	0.006448	-0.1013
14.07	0.00999	-0.09796
14.12	0.0135	-0.09412
14.17	0.01693	-0.08981
14.22	0.02027	-0.08507
14.26	0.02348	-0.07996
14.31	0.02654	-0.07452
14.36	0.02944	-0.0688
14.41	0.03214	-0.06287
14.46	0.03465	-0.05678
14.51	0.03696	-0.0506
14.56	0.03906	-0.04439
14.61	0.04095	-0.03823
14.66	0.04263	-0.03217
14.7	0.04412	-0.02628
14.75	0.04541	-0.02061
14.8	0.04651	-0.01521
14.85	0.04744	-0.01015
14.9	0.0482	-0.005452
14.95	0.04881	-0.00117
15	0.04928	0.002679
15.05	0.04963	0.006072
15.1	0.04988	0.008998
15.14	0.05005	0.01145
15.19	0.05016	0.01342
15.24	0.05023	0.01492
15.29	0.05029	0.01595
15.34	0.05036	0.01655
15.39	0.05045	0.01673
15.44	0.05058	0.01653
15.49	0.05075	0.01599
15.53	0.05098	0.01515
15.58	0.05127	0.01406
15.63	0.0516	0.01277
15.68	0.05198	0.01133
15.73	0.0524	0.009792
15.78	0.05283	0.008212
15.83	0.05328	0.006637
15.88	0.05371	0.00511
15.93	0.05413	0.00367
15.97	0.05451	0.002344
16.02	0.05484	0.001155
16.07	0.05511	0.0001116
16.12	0.05533	-0.0007857
16.17	0.05548	-0.001546
16.22	0.05557	-0.002185
16.27	0.0556	-0.002729
16.32	0.0556	-0.003205
16.37	0.05558	-0.003647
16.41	0.05555	-0.004089
16.46	0.05553	-0.004567
16.51	0.05555	-0.005114
16.56	0.05562	-0.00576
16.61	0.05576	-0.006534
16.66	0.05599	-0.007457
16.71	0.05631	-0.008548
16.76	0.05674	-0.00982
16.81	0.05727	-0.01128
16.85	0.0579	-0.01293
16.9	0.05862	-0.01478
16.95	0.05942	-0.01681
17	0.06029	-0.01901
17.05	0.06122	-0.02139
17.1	0.06218	-0.02391
17.15	0.06317	-0.02657
17.2	0.06416	-0.02935
17.24	0.06515	-0.03223
17.29	0.06613	-0.03519
17.34	0.0671	-0.03822
17.39	0.06804	-0.0413
17.44	0.06897	-0.04442
17.49	0.06988	-0.04756
17.54	0.07078	-0.05072
17.59	0.07168	-0.05387
17.64	0.07258	-0.05701
17.68	0.07349	-0.06012
17.73	0.07441	-0.06318
17.78	0.07535	-0.06617
17.83	0.07631	-0.06907
17.88	0.0773	-0.07185
17.93	0.0783	-0.07449
17.98	0.07934	-0.07696
18.03	0.08039	-0.07924
18.08	0.08148	-0.08128
18.12	0.08258	-0.08308
18.17	0.08371	-0.0846
18.22	0.08487	-0.08584
18.27	0.08605	-0.08678
18.32	0.08726	-0.08741
18.37	0.08849	-0.08772
18.42	0.08974	-0.08773
18.47	0.09101	-0.08744
18.51	0.09229	-0.08684
18.56	0.09358	-0.08597
18.61	0.09484	-0.08482
18.66	0.09608	-0.08342
18.71	0.09726	-0.08176
18.76	0.09836	-0.07986
18.81	0.09933	-0.07772
18.86	0.1002	-0.07534
18.91	0.1008	-0.07271
18.95	0.1012	-0.06985
19	0.1013	-0.06672
19.05	0.1011	-0.06334
19.1	0.1006	-0.05969
19.15	0.09971	-0.05576
19.2	0.09841	-0.05154
19.25	0.0967	-0.04704
19.3	0.09459	-0.04226
19.35	0.09209	-0.03723
19.39	0.08921	-0.03196
19.44	0.08598	-0.02648
19.49	0.08244	-0.02082
19.54	0.07865	-0.01503
19.59	0.07463	-0.009153
19.64	0.07046	-0.003237
19.69	0.06617	0.002671
19.74	0.06184	0.008522
19.79	0.0575	0.01427
19.83	0.05322	0.01989
19.88	0.04903	0.02533
19.93	0.04497	0.03058
19.98	0.04109	0.03561
20.03	0.0374	0.04042
20.08	0.03394	0.045
20.13	0.03073	0.04936
20.18	0.02776	0.0535
20.22	0.02506	0.05743
20.27	0.02263	0.06116
20.32	0.02045	0.0647
20.37	0.01853	0.06807
20.42	0.01684	0.07127
20.47	0.01536	0.0743
20.52	0.01408	0.07718
20.57	0.01297	0.07991
20.62	0.01199	0.0825
20.66	0.0111	0.08494
20.71	0.01028	0.08723
20.76	0.009484	0.08939
20.81	0.008685	0.0914
20.86	0.007849	0.09327
20.91	0.006951	0.09498
20.96	0.005971	0.09655
21.01	0.004894	0.09796
21.06	0.003715	0.09921
21.1	0.002434	0.1003
21.15	0.001058	0.1012
21.2	-0.0004011	0.1019
21.25	-0.001929	0.1024
21.3	-0.003507	0.1028
21.35	-0.005118	0.1029
21.4	-0.006743	0.1029
21.45	-0.008364	0.1027
21.49	-0.009966	0.1023
21.54	-0.01154	0.1018
21.59	-0.01306	0.1012
21.64	-0.01454	0.1005
21.69	-0.01595	0.09974
21.74	-0.0173	0.09891
21.79	-0.01856	0.09804
21.84	-0.01973	0.09715
21.89	-0.02081	0.09626
21.93	-0.02176	0.09535
21.98	-0.02258	0.09445
22.03	-0.02325	0.09354
22.08	-0.02375	0.09261
22.13	-0.02407	0.09165
22.18	-0.02417	0.09063
22.23	-0.02406	0.08953
22.28	-0.02369	0.08833
22.33	-0.02305	0.08699
22.37	-0.02212	0.08548
22.42	-0.02087	0.08378
22.47	-0.01929	0.08187
22.52	-0.01734	0.07973
22.57	-0.01503	0.07734
22.62	-0.01234	0.07469
22.67	-0.009265	0.07177
22.72	-0.005812	0.0686
22.77	-0.001997	0.06518
22.81	0.002153	0.06153
22.86	0.006601	0.05768
22.91	0.0113	0.05366
22.96	0.01619	0.04951
23.01	0.0212	0.04526
23.06	0.02626	0.04096
23.11	0.03129	0.03666
23.16	0.0362	0.03241
23.2	0.04092	0.02825
23.25	0.04535	0.02424
23.3	0.04943	0.02042
23.35	0.05308	0.01683
23.4	0.05625	0.01351
23.45	0.05888	0.0105
23.5	0.06093	0.007812
23.55	0.06239	0.005474
23.6	0.06326	0.003497
23.64	0.06352	0.001889
23.69	0.06321	0.0006494
23.74	0.06234	-0.0002268
23.79	0.06095	-0.0007516
23.84	0.05909	-0.0009412
23.89	0.05679	-0.0008156
23.94	0.05412	-0.0003977
23.99	0.05113	0.0002871
24.04	0.04787	0.001212
24.08	0.04439	0.002347
24.13	0.04075	0.003666
24.18	0.03698	0.005141
24.23	0.03313	0.006747
24.28	0.02922	0.008464
24.33	0.02529	0.01027
24.38	0.02135	0.01217
24.43	0.01742	0.01413
24.47	0.0135	0.01616
24.52	0.009599	0.01825
24.57	0.005714	0.0204
24.62	0.001841	0.02262
24.67	-0.002026	0.0249
24.72	-0.005896	0.02723
24.77	-0.009776	0.02962
24.82	-0.01367	0.03205
24.87	-0.01759	0.0345
24.91	-0.02153	0.03697
24.96	-0.02549	0.03941
25.01	-0.02946	0.04182
25.06	-0.03345	0.04415
25.11	-0.03742	0.04638
25.16	-0.04136	0.04849
25.21	-0.04525	0.05045
25.26	-0.04906	0.05224
25.31	-0.05276	0.05386
25.35	-0.05632	0.0553
25.4	-0.0597	0.05656
25.45	-0.06288	0.05765
25.5	-0.06581	0.05857
25.55	-0.06846	0.05935
25.6	-0.0708	0.06
25.65	-0.0728	0.06054
25.7	-0.07445	0.061
25.74	-0.07572	0.06141
25.79	-0.07661	0.06177
25.84	-0.0771	0.06211
25.89	-0.07719	0.06246
25.94	-0.0769	0.06282
25.99	-0.07623	0.06322
26.04	-0.07521	0.06367
26.09	-0.07387	0.06419
26.14	-0.07224	0.0648
26.18	-0.07035	0.06551
26.23	-0.06825	0.06633
26.28	-0.06599	0.06729
26.33	-0.06359	0.0684
26.38	-0.06112	0.06966
26.43	-0.05861	0.07109
26.48	-0.0561	0.07269
26.53	-0.05363	0.07446
26.58	-0.05122	0.07641
26.62	-0.04891	0.07853
26.67	-0.0467	0.08082
26.72	-0.04462	0.08327
26.77	-0.04267	0.08585
26.82	-0.04085	0.08857
26.87	-0.03916	0.09138
26.92	-0.03758	0.09425
26.97	-0.03611	0.09715
27.02	-0.03474	0.1
27.06	-0.03344	0.1028
27.11	-0.0322	0.1055
27.16	-0.031	0.108
27.21	-0.02983	0.1101
27.26	-0.02868	0.112
27.31	-0.02752	0.1134
27.36	-0.02636	0.1144
27.41	-0.02516	0.1147
27.45	-0.02393	0.1145
27.5	-0.02266	0.1136
27.55	-0.02133	0.112
27.6	-0.01994	0.1096
27.65	-0.01848	0.1064
27.7	-0.01694	0.1024
27.75	-0.01532	0.09764
27.8	-0.01362	0.09206
27.85	-0.01185	0.08569
27.89	-0.009997	0.07857
27.94	-0.00808	0.07073
27.99	-0.006108	0.06221
28.04	-0.004092	0.05308
28.09	-0.002049	0.04338
28.14	9.675e-06	0.03318
28.19	0.002068	0.02255
28.24	0.004113	0.01157
28.29	0.006131	0.0003109
28.33	0.008114	-0.01115
28.38	0.01005	-0.02273
28.43	0.01194	-0.03436
28.48	0.01376	-0.04594
28.53	0.01553	-0.05742
28.58	0.01723	-0.0687
28.63	0.01887	-0.07972
28.68	0.02045	-0.09042
28.72	0.02196	-0.1007
28.77	0.02342	-0.1106
28.82	0.02481	-0.1199
28.87	0.02615	-0.1286
28.92	0.02744	-0.1368
28.97	0.02869	-0.1442
29.02	0.02988	-0.151
29.07	0.03104	-0.157
29.12	0.03215	-0.1623
29.16	0.03321	-0.1669
29.21	0.03422	-0.1706
29.26	0.03518	-0.1736
29.31	0.03608	-0.1758
29.36	0.03691	-0.1772
29.41	0.03766	-0.178
29.46	0.03831	-0.1781
29.51	0.03886	-0.1776
29.56	0.03928	-0.1765
29.6	0.03956	-0.175
29.65	0.03968	-0.173
29.7	0.03962	-0.1706
29.75	0.03938	-0.1679
29.8	0.03894	-0.165
29.85	0.0383	-0.1619
29.9	0.03745	-0.1586
29.95	0.0364	-0.1553
30	0.03517	-0.152
30.04	0.03377	-0.1487
30.09	0.03222	-0.1454
30.14	0.03056	-0.1423
30.19	0.02881	-0.1392
30.24	0.02701	-0.1363
30.29	0.02517	-0.1335
30.34	0.02334	-0.1309
30.39	0.02153	-0.1284
30.43	0.01977	-0.1261
30.48	0.01806	-0.1239
30.53	0.01641	-0.1217
30.58	0.01482	-0.1196
30.63	0.01327	-0.1175
30.68	0.01176	-0.1153
30.73	0.01026	-0.1131
30.78	0.008752	-0.1108
30.83	0.007206	-0.1083
30.87	0.0056	-0.1057
30.92	0.003909	-0.1029
30.97	0.002114	-0.09996
31.02	0.0001975	-0.09681
31.07	-0.001849	-0.0935
31.12	-0.004031	-0.09002
31.17	-0.006345	-0.08639
31.22	-0.008781	-0.08263
31.27	-0.01133	-0.07875
31.31	-0.01396	-0.07477
31.36	-0.01666	-0.0707
31.41	-0.01941	-0.06657
31.46	-0.02218	-0.06238
31.51	-0.02494	-0.05815
31.56	-0.02769	-0.05389
31.61	-0.0304	-0.04962
31.66	-0.03306	-0.04535
31.7	-0.03566	-0.04108
31.75	-0.0382	-0.03682
31.8	-0.04068	-0.03259
31.85	-0.04309	-0.02839
31.9	-0.04542	-0.02424
31.95	-0.04769	-0.02015
32	-0.04988	-0.01613
32.05	-0.05199	-0.01219
32.1	-0.05401	-0.008357
32.14	-0.05594	-0.00463
32.19	-0.05776	-0.001026
32.24	-0.05946	0.002444
32.29	-0.06103	0.005772
32.34	-0.06246	0.008948
32.39	-0.06372	0.01197
32.44	-0.06482	0.01483
32.49	-0.06572	0.01753
32.54	-0.06644	0.02008
32.58	-0.06696	0.02247
32.63	-0.06727	0.02471
32.68	-0.06738	0.02681
32.73	-0.06728	0.02878
32.78	-0.067	0.03063
32.83	-0.06653	0.03237
32.88	-0.06591	0.03401
32.93	-0.06514	0.03558
32.98	-0.06426	0.03708
33.02	-0.06329	0.03853
33.07	-0.06226	0.03994
33.12	-0.06119	0.04132
33.17	-0.06011	0.04266
33.22	-0.05904	0.04398
33.27	-0.05799	0.04525
33.32	-0.05698	0.04646
33.37	-0.056	0.04759
33.41	-0.05506	0.0486
33.46	-0.05415	0.04947
33.51	-0.05325	0.05014
33.56	-0.05236	0.05057
33.61	-0.05145	0.05072
33.66	-0.05052	0.05055
33.71	-0.04955	0.05003
33.76	-0.04852	0.04911
33.81	-0.04743	0.04779
33.85	-0.04626	0.04605
33.9	-0.04502	0.04388
33.95	-0.0437	0.04131
34	-0.04229	0.03836
34.05	-0.0408	0.03504
34.1	-0.03923	0.03139
34.15	-0.03758	0.02747
34.2	-0.03585	0.0233
34.25	-0.03403	0.01894
34.29	-0.03211	0.01444
34.34	-0.03009	0.009826
34.39	-0.02795	0.005144
34.44	-0.02566	0.0004264
34.49	-0.02321	-0.004296
34.54	-0.02058	-0.008996
34.59	-0.01774	-0.01365
34.64	-0.01466	-0.01824
34.68	-0.01133	-0.02275
34.73	-0.007734	-0.02715
34.78	-0.003869	-0.03143
34.83	0.0002651	-0.03557
34.88	0.004655	-0.03954
34.93	0.009281	-0.04331
34.98	0.01411	-0.04686
35.03	0.01911	-0.05015
35.08	0.02424	-0.05317
35.12	0.02944	-0.05587
35.17	0.03467	-0.05824
35.22	0.03987	-0.06024
35.27	0.045	-0.06185
35.32	0.05001	-0.06307
35.37	0.05486	-0.06386
35.42	0.05951	-0.06423
35.47	0.06392	-0.06416
35.52	0.06806	-0.06365
35.56	0.0719	-0.06271
35.61	0.07543	-0.06132
35.66	0.07861	-0.0595
35.71	0.08143	-0.05725
35.76	0.08389	-0.05458
35.81	0.08597	-0.05151
35.86	0.08767	-0.04804
35.91	0.08899	-0.0442
35.96	0.08992	-0.04003
36	0.09047	-0.03554
36.05	0.09064	-0.03078
36.1	0.09045	-0.02579
36.15	0.0899	-0.02061
36.2	0.08899	-0.0153
36.25	0.08775	-0.009902
36.3	0.08618	-0.004471
36.35	0.0843	0.0009442
36.39	0.08213	0.006295
36.44	0.07968	0.01153
36.49	0.07697	0.01662
36.54	0.074	0.02151
36.59	0.0708	0.02617
36.64	0.06738	0.03056
36.69	0.06375	0.03466
36.74	0.05995	0.03843
36.79	0.056	0.04185
36.83	0.05191	0.04489
36.88	0.04771	0.04755
36.93	0.04344	0.04981
36.98	0.03912	0.05165
37.03	0.03479	0.05308
37.08	0.03048	0.0541
37.13	0.02621	0.05471
37.18	0.02202	0.05493
37.23	0.01793	0.05477
37.27	0.01396	0.05426
37.32	0.01015	0.05342
37.37	0.006502	0.05229
37.42	0.003043	0.0509
37.47	-0.0002125	0.0493
37.52	-0.003252	0.04752
37.57	-0.006064	0.04563
37.62	-0.008639	0.04365
37.66	-0.01097	0.04165
37.71	-0.01305	0.03966
37.76	-0.01487	0.03775
37.81	-0.01644	0.03594
37.86	-0.01775	0.03429
37.91	-0.01883	0.03283
37.96	-0.01966	0.03161
38.01	-0.02027	0.03066
38.06	-0.02067	0.03
38.1	-0.02087	0.02966
38.15	-0.02088	0.02965
38.2	-0.02073	0.02999
38.25	-0.02043	0.03068
38.3	-0.02	0.03172
38.35	-0.01944	0.03311
38.4	-0.01877	0.03484
38.45	-0.01801	0.03689
38.5	-0.01716	0.03925
38.54	-0.01624	0.04188
38.59	-0.01524	0.04475
38.64	-0.01419	0.04785
38.69	-0.01308	0.05112
38.74	-0.01191	0.05453
38.79	-0.01068	0.05805
38.84	-0.009387	0.06165
38.89	-0.008033	0.06528
38.94	-0.006613	0.06892
38.98	-0.005124	0.07254
39.03	-0.003566	0.07614
39.08	-0.001938	0.07969
39.13	-0.0002449	0.08318
39.18	0.00151	0.08661
39.23	0.003319	0.08998
39.28	0.005174	0.09328
39.33	0.007064	0.0965
39.37	0.008977	0.09964
39.42	0.0109	0.1027
39.47	0.01282	0.1057
39.52	0.01472	0.1085
39.57	0.01658	0.1113
39.62	0.0184	0.1139
39.67	0.02015	0.1163
39.72	0.02183	0.1186
39.77	0.02342	0.1207
39.81	0.02491	0.1226
39.86	0.02629	0.1242
39.91	0.02757	0.1256
39.96	0.02874	0.1267
40.01	0.02981	0.1275
40.06	0.03077	0.128
40.11	0.03163	0.1281
40.16	0.0324	0.1279
40.21	0.0331	0.1273
40.25	0.03372	0.1263
40.3	0.03429	0.125
40.35	0.03481	0.1232
40.4	0.03528	0.1209
40.45	0.03572	0.1183
40.5	0.03613	0.1151
40.55	0.03651	0.1116
40.6	0.03686	0.1076
40.64	0.03717	0.1031
40.69	0.03744	0.09825
40.74	0.03766	0.09296
40.79	0.03783	0.08727
40.84	0.03793	0.0812
40.89	0.03796	0.07478
40.94	0.03791	0.06803
40.99	0.03777	0.06099
41.04	0.03754	0.0537
41.08	0.03724	0.04619
41.13	0.03685	0.03853
41.18	0.03639	0.03074
41.23	0.03588	0.02289
41.28	0.03533	0.01502
41.33	0.03477	0.007199
41.38	0.03421	-0.0005266
41.43	0.03368	-0.008099
41.48	0.03321	-0.01546
41.52	0.0328	-0.02257
41.57	0.03249	-0.02938
41.62	0.03227	-0.03584
41.67	0.03217	-0.04192
41.72	0.03217	-0.0476
41.77	0.03227	-0.05287
41.82	0.03246	-0.05769
41.87	0.03272	-0.06208
41.91	0.03302	-0.06603
41.96	0.03335	-0.06953
42.01	0.03366	-0.07259
42.06	0.03393	-0.07522
42.11	0.03413	-0.07742
42.16	0.03421	-0.0792
42.21	0.03416	-0.08057
42.26	0.03394	-0.08155
42.31	0.03352	-0.08213
42.35	0.0329	-0.08235
42.4	0.03204	-0.08219
42.45	0.03095	-0.08169
42.5	0.02962	-0.08086
42.55	0.02805	-0.07972
42.6	0.02624	-0.07828
42.65	0.02421	-0.07658
42.7	0.02198	-0.07465
42.75	0.01956	-0.0725
42.79	0.01699	-0.07017
42.84	0.01427	-0.0677
42.89	0.01145	-0.06509
42.94	0.008555	-0.06238
42.99	0.00561	-0.0596
43.04	0.002651	-0.05676
43.09	-0.0002898	-0.0539
43.14	-0.003178	-0.05101
43.19	-0.005979	-0.04814
43.23	-0.008661	-0.04528
43.28	-0.01119	-0.04247
43.33	-0.01354	-0.03972
43.38	-0.01569	-0.03704
43.43	-0.01762	-0.03445
43.48	-0.0193	-0.03197
43.53	-0.02073	-0.02961
43.58	-0.0219	-0.02737
43.62	-0.02281	-0.02526
43.67	-0.02346	-0.02329
43.72	-0.02386	-0.02144
43.77	-0.02401	-0.01971
43.82	-0.02394	-0.01809
43.87	-0.02367	-0.01654
43.92	-0.02321	-0.01505
43.97	-0.02259	-0.01359
44.02	-0.02184	-0.01212
44.06	-0.02099	-0.01063
44.11	-0.02005	-0.009083
44.16	-0.01906	-0.00747
44.21	-0.01803	-0.005778
44.26	-0.01699	-0.004008
44.31	-0.01593	-0.002171
44.36	-0.01486	-0.0002909
44.41	-0.01379	0.001597
44.46	-0.01269	0.003444
44.5	-0.01156	0.005195
44.55	-0.01036	0.006782
44.6	-0.00908	0.008137
44.65	-0.007669	0.009186
44.7	-0.006092	0.009851
44.75	-0.004306	0.01006
44.8	-0.002275	0.009758
44.85	3.343e-05	0.008892
44.89	0.002649	0.007426
44.94	0.00559	0.005333
44.99	0.008868	0.002607
45.04	0.01248	-0.0007452
45.09	0.01642	-0.004701
45.14	0.02066	-0.009222
45.19	0.02516	-0.01426
45.24	0.02989	-0.01974
45.29	0.0348	-0.02561
45.33	0.03981	-0.03178
45.38	0.04489	-0.03817
45.43	0.04996	-0.0447
45.48	0.05497	-0.05128
45.53	0.05988	-0.05783
45.58	0.06463	-0.06429
45.63	0.06918	-0.07058
45.68	0.07352	-0.07665
45.73	0.07763	-0.08245
45.77	0.08149	-0.08794
45.82	0.08511	-0.09309
45.87	0.0885	-0.09788
45.92	0.09166	-0.1023
45.97	0.09463	-0.1064
46.02	0.0974	-0.11
46.07	0.1	-0.1133
46.12	0.1025	-0.1163
46.17	0.1048	-0.1189
46.21	0.107	-0.1211
46.26	0.1091	-0.123
46.31	0.111	-0.1245
46.36	0.1128	-0.1256
46.41	0.1145	-0.1265
46.46	0.116	-0.1269
46.51	0.1174	-0.127
46.56	0.1185	-0.1267
46.6	0.1193	-0.126
46.65	0.1199	-0.1249
46.7	0.1201	-0.1234
46.75	0.1198	-0.1214
46.8	0.1191	-0.1189
46.85	0.1179	-0.1159
46.9	0.1161	-0.1123
46.95	0.1136	-0.1081
47	0.1104	-0.1032
47.04	0.1064	-0.09776
47.09	0.1017	-0.0916
47.14	0.0961	-0.08477
47.19	0.08966	-0.07727
47.24	0.08235	-0.06911
47.29	0.07416	-0.06033
47.34	0.0651	-0.05096
47.39	0.05521	-0.04106
47.44	0.04453	-0.03069
47.48	0.03311	-0.01992
47.53	0.02104	-0.008831
47.58	0.008406	0.002509
47.63	-0.004666	0.01402
47.68	-0.01805	0.02564
47.73	-0.0316	0.0373
47.78	-0.04514	0.04895
47.83	-0.05852	0.06055
47.87	-0.07155	0.07207
47.92	-0.08405	0.0835
47.97	-0.09583	0.09485
48.02	-0.1067	0.1061
48.07	-0.1166	0.1174
48.12	-0.1253	0.1287
48.17	-0.1328	0.1401
48.22	-0.1388	0.1516
48.27	-0.1436	0.1635
48.31	-0.147	0.1757
48.36	-0.149	0.1885
48.41	-0.1499	0.202
48.46	-0.1498	0.2162
48.51	-0.1488	0.2314
48.56	-0.1473	0.2477
48.61	-0.1454	0.2653
48.66	-0.1434	0.2842
48.71	-0.1418	0.3047
48.75	-0.1407	0.3267
48.8	-0.1406	0.3505
48.85	-0.1417	0.3759
48.9	-0.1444	0.4031
48.95	-0.1488	0.4319
49	-0.1554	0.4621
49.05	-0.1641	0.4936
49.1	-0.1753	0.5261
49.15	-0.1888	0.559
49.19	-0.2049	0.5921
49.24	-0.2236	0.6246
49.29	-0.2446	0.6561
49.34	-0.268	0.6858
49.39	-0.2936	0.7129
49.44	-0.3212	0.7368
49.49	-0.3506	0.7566
49.54	-0.3815	0.7715
49.58	-0.4136	0.7809
49.63	-0.4466	0.784
49.68	-0.4801	0.7803
49.73	-0.5138	0.7692
49.78	-0.5472	0.7504
49.83	-0.5799	0.7237
49.88	-0.6116	0.6889
49.93	-0.6418	0.6461
49.98	-0.6701	0.5955
50.02	-0.6961	0.5376
50.07	-0.7194	0.4728
50.12	-0.7397	0.4017
50.17	-0.7566	0.3252
50.22	-0.7698	0.2441
50.27	-0.779	0.1593
50.32	-0.7841	0.07179
50.37	-0.7847	-0.01734
50.42	-0.7808	-0.1071
50.46	-0.7723	-0.1964
50.51	-0.759	-0.2844
50.56	-0.7411	-0.3699
50.61	-0.7184	-0.4523
50.66	-0.6911	-0.5306
50.71	-0.6593	-0.6041
50.76	-0.6231	-0.6723
50.81	-0.5828	-0.7346
50.85	-0.5385	-0.7906
50.9	-0.4906	-0.84
50.95	-0.4394	-0.8827
51	-0.3853	-0.9185
51.05	-0.3285	-0.9476
51.1	-0.2696	-0.9699
51.15	-0.209	-0.9858
51.2	-0.1472	-0.9956
51.25	-0.0846	-0.9997
51.29	-0.02173	-0.9985
51.34	0.04095	-0.9925
51.39	0.103	-0.9822
51.44	0.1639	-0.9682
51.49	0.2234	-0.951
51.54	0.2809	-0.9312
51.59	0.3362	-0.9093
51.64	0.389	-0.8859
51.69	0.4389	-0.8614
51.73	0.4858	-0.8364
51.78	0.5295	-0.8112
51.83	0.5697	-0.7863
51.88	0.6065	-0.7619
51.93	0.6396	-0.7384
51.98	0.6691	-0.716
52.03	0.6951	-0.6949
52.08	0.7174	-0.6752
52.13	0.7361	-0.657
52.17	0.7514	-0.6402
52.22	0.7634	-0.6249
52.27	0.7721	-0.6109
52.32	0.7778	-0.5982
52.37	0.7805	-0.5866
52.42	0.7805	-0.576
52.47	0.778	-0.5662
52.52	0.7731	-0.5569
52.56	0.766	-0.5481
52.61	0.7568	-0.5396
52.66	0.7459	-0.5311
52.71	0.7333	-0.5225
52.76	0.7191	-0.5137
52.81	0.7036	-0.5046
52.86	0.6869	-0.495
52.91	0.6691	-0.4849
52.96	0.6502	-0.4743
53	0.6305	-0.463
53.05	0.61	-0.4511
53.1	0.5889	-0.4387
53.15	0.5672	-0.4256
53.2	0.5451	-0.4119
53.25	0.5227	-0.3977
53.3	0.5001	-0.3831
53.35	0.4774	-0.368
53.4	0.4549	-0.3525
53.44	0.4325	-0.3368
53.49	0.4105	-0.3207
53.54	0.3891	-0.3043
53.59	0.3682	-0.2877
53.64	0.3481	-0.2708
53.69	0.3289	-0.2537
53.74	0.3106	-0.2363
53.79	0.2934	-0.2186
53.83	0.2773	-0.2007
53.88	0.2623	-0.1824
53.93	0.2484	-0.1639
53.98	0.2356	-0.1451
54.03	0.2239	-0.1261
54.08	0.2131	-0.1069
54.13	0.2033	-0.08759
54.18	0.1943	-0.0682
54.23	0.1859	-0.04883
54.27	0.178	-0.02956
54.32	0.1706	-0.01049
54.37	0.1635	0.008288
54.42	0.1564	0.0267
54.47	0.1494	0.04468
54.52	0.1423	0.06217
54.57	0.135	0.07913
54.62	0.1274	0.09553
54.67	0.1194	0.1114
54.71	0.111	0.1267
54.76	0.1022	0.1416
54.81	0.09286	0.156
54.86	0.08306	0.17
54.91	0.0728	0.1838
54.96	0.0621	0.1974
55.01	0.051	0.211
55.06	0.03955	0.2246
55.11	0.02782	0.2383
55.15	0.01587	0.2522
55.2	0.003788	0.2665
55.25	-0.008349	0.2811
55.3	-0.02046	0.2961
55.35	-0.03246	0.3116
55.4	-0.04426	0.3275
55.45	-0.0558	0.344
55.5	-0.06702	0.3609
55.54	-0.07785	0.3782
55.59	-0.08824	0.396
55.64	-0.09818	0.414
55.69	-0.1076	0.4322
55.74	-0.1166	0.4506
55.79	-0.125	0.4689
55.84	-0.133	0.4872
55.89	-0.1405	0.5051
55.94	-0.1476	0.5227
55.98	-0.1544	0.5398
56.03	-0.1608	0.5562
56.08	-0.167	0.5718
56.13	-0.1729	0.5864
56.18	-0.1788	0.6
56.23	-0.1845	0.6124
56.28	-0.1902	0.6236
56.33	-0.1958	0.6335
56.38	-0.2015	0.6419
56.42	-0.2071	0.6489
56.47	-0.2128	0.6544
56.52	-0.2185	0.6584
56.57	-0.2242	0.6609
56.62	-0.2299	0.6619
56.67	-0.2355	0.6614
56.72	-0.2411	0.6594
56.77	-0.2466	0.656
56.81	-0.2519	0.6511
56.86	-0.2571	0.6449
56.91	-0.262	0.6373
56.96	-0.2667	0.6284
57.01	-0.2711	0.6183
57.06	-0.2752	0.6069
57.11	-0.2789	0.5945
57.16	-0.2822	0.5809
57.21	-0.2852	0.5663
57.25	-0.2876	0.5507
57.3	-0.2897	0.5342
57.35	-0.2912	0.5169
57.4	-0.2922	0.4987
57.45	-0.2927	0.4799
57.5	-0.2927	0.4604
57.55	-0.2921	0.4403
57.6	-0.2909	0.4198
57.65	-0.2892	0.3988
57.69	-0.2868	0.3775
57.74	-0.2839	0.3559
57.79	-0.2805	0.3342
57.84	-0.2765	0.3124
57.89	-0.272	0.2906
57.94	-0.2669	0.2689
57.99	-0.2614	0.2473
58.04	-0.2555	0.226
58.09	-0.2491	0.2051
58.13	-0.2424	0.1847
58.18	-0.2354	0.1648
58.23	-0.228	0.1455
58.28	-0.2203	0.127
58.33	-0.2124	0.1094
58.38	-0.2043	0.09267
58.43	-0.196	0.07702
58.48	-0.1874	0.06252
58.52	-0.1786	0.04926
58.57	-0.1697	0.03732
58.62	-0.1605	0.0268
58.67	-0.1512	0.01778
58.72	-0.1418	0.01031
58.77	-0.1322	0.004463
58.82	-0.1225	0.0002871
58.87	-0.1128	-0.002183
58.92	-0.1031	-0.002925
58.96	-0.09348	-0.00193
59.01	-0.08399	0.0007934
59.06	-0.07473	0.005224
59.11	-0.06579	0.01132
59.16	-0.05725	0.01903
59.21	-0.0492	0.02828
59.26	-0.04174	0.03898
59.31	-0.03492	0.05103
59.36	-0.02884	0.0643
59.4	-0.02353	0.07865
59.45	-0.01905	0.09394
59.5	-0.01543	0.11
59.55	-0.01269	0.1266
59.6	-0.01082	0.1437
59.65	-0.009835	0.1609
59.7	-0.009689	0.1782
59.75	-0.01036	0.1952
59.79	-0.01179	0.2119
59.84	-0.01396	0.2279
59.89	-0.01681	0.2432
59.94	-0.02029	0.2574
59.99	-0.02433	0.2706
60.04	-0.02889	0.2824
60.09	-0.0339	0.2929
60.14	-0.03928	0.3017
60.19	-0.04497	0.3089
60.23	-0.05088	0.3143
60.28	-0.05693	0.318
60.33	-0.06302	0.3198
60.38	-0.06906	0.3197
60.43	-0.07495	0.3177
60.48	-0.08057	0.3138
60.53	-0.08583	0.3081
60.58	-0.09061	0.3006
60.63	-0.09482	0.2913
60.67	-0.09834	0.2803
60.72	-0.1011	0.2677
60.77	-0.1029	0.2536
60.82	-0.1039	0.238
60.87	-0.1038	0.221
60.92	-0.1026	0.2027
60.97	-0.1003	0.1833
61.02	-0.09682	0.1628
61.06	-0.09219	0.1412
61.11	-0.08639	0.1188
61.16	-0.07945	0.09553
61.21	-0.0714	0.07157
61.26	-0.06229	0.04699
61.31	-0.0522	0.02189
61.36	-0.04121	-0.003624
61.41	-0.02944	-0.02945
61.46	-0.017	-0.05546
61.5	-0.00403	-0.08154
61.55	0.009318	-0.1076
61.6	0.02289	-0.1334
61.65	0.03651	-0.1589
61.7	0.05001	-0.184
61.75	0.06322	-0.2084
61.8	0.07595	-0.2321
61.85	0.08803	-0.2549
61.9	0.0993	-0.2767
61.94	0.1096	-0.2973
61.99	0.1188	-0.3168
62.04	0.1267	-0.3349
62.09	0.1333	-0.3516
62.14	0.1384	-0.3668
62.19	0.142	-0.3805
62.24	0.144	-0.3926
62.29	0.1443	-0.403
62.34	0.143	-0.4118
62.38	0.1401	-0.419
62.43	0.1356	-0.4245
62.48	0.1296	-0.4286
62.53	0.1223	-0.4311
62.58	0.1137	-0.4323
62.63	0.1041	-0.4321
62.68	0.09355	-0.4309
62.73	0.08232	-0.4286
62.77	0.0706	-0.4254
62.82	0.05858	-0.4216
62.87	0.04646	-0.4173
62.92	0.03442	-0.4125
62.97	0.02262	-0.4076
63.02	0.0112	-0.4025
63.07	0.0002609	-0.3974
63.12	-0.01011	-0.3924
63.17	-0.01985	-0.3876
63.21	-0.02894	-0.3829
63.26	-0.03737	-0.3785
63.31	-0.04515	-0.3742
63.36	-0.05228	-0.37
63.41	-0.05878	-0.3658
63.46	-0.06466	-0.3617
63.51	-0.06991	-0.3574
63.56	-0.0745	-0.3529
63.61	-0.0784	-0.3481
63.65	-0.08153	-0.3429
63.7	-0.08382	-0.3373
63.75	-0.08515	-0.3311
63.8	-0.08541	-0.3245
63.85	-0.08447	-0.3172
63.9	-0.08219	-0.3095
63.95	-0.07849	-0.3012
64	-0.07326	-0.2924
64.04	-0.06645	-0.2832
64.09	-0.05803	-0.2736
64.14	-0.04799	-0.2637
64.19	-0.03639	-0.2534
64.24	-0.02329	-0.2429
64.29	-0.008836	-0.2321
64.34	0.006831	-0.2211
64.39	0.02352	-0.2099
64.44	0.041	-0.1984
64.48	0.05906	-0.1866
64.53	0.07744	-0.1745
64.58	0.09589	-0.162
64.63	0.1141	-0.1492
64.68	0.132	-0.1358
64.73	0.1491	-0.122
64.78	0.1654	-0.1076
64.83	0.1805	-0.09261
64.88	0.1944	-0.07704
64.92	0.2068	-0.06088
64.97	0.2177	-0.04416
65.02	0.2268	-0.02693
65.07	0.2343	-0.009269
65.12	0.2399	0.008742
65.17	0.2438	0.02698
65.22	0.2458	0.04533
65.27	0.2462	0.06363
65.32	0.2448	0.08173
65.36	0.2419	0.09948
65.41	0.2375	0.1167
65.46	0.2318	0.1332
65.51	0.2248	0.1489
65.56	0.2168	0.1637
65.61	0.2078	0.1773
65.66	0.198	0.1897
65.71	0.1875	0.2008
65.75	0.1764	0.2105
65.8	0.1649	0.2188
65.85	0.153	0.2255
65.9	0.1409	0.2308
65.95	0.1285	0.2344
66	0.1161	0.2365
66.05	0.1037	0.2369
66.1	0.09144	0.2357
66.15	0.07934	0.2328
66.19	0.06751	0.2283
66.24	0.05606	0.2221
66.29	0.04508	0.2141
66.34	0.03465	0.2045
66.39	0.02487	0.1931
66.44	0.0158	0.18
66.49	0.00751	0.1652
66.54	5.808e-05	0.1488
66.59	-0.006522	0.1307
66.63	-0.01221	0.111
66.68	-0.017	0.08988
66.73	-0.02091	0.06744
66.78	-0.02396	0.04383
66.83	-0.0262	0.01925
66.88	-0.0277	-0.006107
66.93	-0.0285	-0.03198
66.98	-0.0287	-0.05812
67.02	-0.02837	-0.08423
67.07	-0.02761	-0.11
67.12	-0.0265	-0.1352
67.17	-0.02514	-0.1595
67.22	-0.02362	-0.1825
67.27	-0.02202	-0.204
67.32	-0.02045	-0.2238
67.37	-0.019	-0.2415
67.42	-0.01777	-0.257
67.46	-0.01683	-0.2701
67.51	-0.0163	-0.2807
67.56	-0.01625	-0.2885
67.61	-0.01678	-0.2937
67.66	-0.01798	-0.296
67.71	-0.01991	-0.2957
67.76	-0.02265	-0.2928
67.81	-0.02624	-0.2873
67.86	-0.03073	-0.2794
67.9	-0.03615	-0.2693
67.95	-0.04248	-0.2572
68	-0.04972	-0.2434
68.05	-0.05782	-0.2281
68.1	-0.06674	-0.2115
68.15	-0.0764	-0.1939
68.2	-0.08667	-0.1755
68.25	-0.09744	-0.1566
68.3	-0.1086	-0.1374
68.34	-0.1199	-0.1182
68.39	-0.1312	-0.09897
68.44	-0.1424	-0.08005
68.49	-0.1533	-0.06156
68.54	-0.1636	-0.04364
68.59	-0.1732	-0.02639
68.64	-0.1819	-0.009934
68.69	-0.1896	0.005655
68.73	-0.196	0.02031
68.78	-0.2012	0.03401
68.83	-0.2049	0.04672
68.88	-0.2072	0.05848
68.93	-0.208	0.06932
68.98	-0.2073	0.07932
69.03	-0.2052	0.08859
69.08	-0.2017	0.09726
69.13	-0.1969	0.1055
69.17	-0.191	0.1134
69.22	-0.184	0.1212
69.27	-0.176	0.1291
69.32	-0.1673	0.1372
69.37	-0.1579	0.1457
69.42	-0.148	0.1547
69.47	-0.1377	0.1642
69.52	-0.1271	0.1744
69.57	-0.1162	0.1852
69.61	-0.1052	0.1966
69.66	-0.09408	0.2085
69.71	-0.08296	0.2209
69.76	-0.07189	0.2336
69.81	-0.06094	0.2464
69.86	-0.05015	0.2591
69.91	-0.03961	0.2717
69.96	-0.02936	0.2839
70	-0.01948	0.2955
70.05	-0.01003	0.3063
70.1	-0.001074	0.3162
70.15	0.007336	0.3251
70.2	0.01516	0.3327
70.25	0.02235	0.339
70.3	0.0289	0.3439
70.35	0.03481	0.3472
70.4	0.04011	0.349
70.44	0.04483	0.349
70.49	0.04902	0.3473
70.54	0.05273	0.3438
70.59	0.05603	0.3383
70.64	0.059	0.3309
70.69	0.0617	0.3215
70.74	0.06422	0.3101
70.79	0.0666	0.2966
70.84	0.06892	0.281
70.88	0.07121	0.2633
70.93	0.07353	0.2435
70.98	0.0759	0.2217
71.03	0.07835	0.1979
71.08	0.08089	0.1721
71.13	0.08354	0.1446
71.18	0.0863	0.1155
71.23	0.08917	0.08484
71.28	0.09215	0.05293
71.32	0.09524	0.01999
71.37	0.09845	-0.01373
71.42	0.1018	-0.04795
71.47	0.1052	-0.08237
71.52	0.1087	-0.1167
71.57	0.1123	-0.1505
71.62	0.116	-0.1836
71.67	0.1198	-0.2156
71.71	0.1236	-0.2462
71.76	0.1274	-0.275
71.81	0.1312	-0.3018
71.86	0.135	-0.3264
71.91	0.1388	-0.3485
71.96	0.1424	-0.3679
72.01	0.1458	-0.3844
72.06	0.1489	-0.3981
72.11	0.1518	-0.4087
72.15	0.1542	-0.4163
72.2	0.1562	-0.4209
72.25	0.1576	-0.4224
72.3	0.1585	-0.4211
72.35	0.1586	-0.4169
72.4	0.158	-0.41
72.45	0.1566	-0.4005
72.5	0.1544	-0.3886
72.55	0.1513	-0.3745
72.59	0.1475	-0.3584
72.64	0.1428	-0.3403
72.69	0.1374	-0.3205
72.74	0.1313	-0.2992
72.79	0.1246	-0.2765
72.84	0.1173	-0.2526
72.89	0.1097	-0.2278
72.94	0.1017	-0.2021
72.98	0.09365	-0.1759
73.03	0.08553	-0.1491
73.08	0.07749	-0.1221
73.13	0.06968	-0.09504
73.18	0.0622	-0.06808
73.23	0.05516	-0.04142
73.28	0.04865	-0.01526
73.33	0.04275	0.01021
73.38	0.03754	0.0348
73.42	0.03305	0.0583
73.47	0.02932	0.08053
73.52	0.02637	0.1013
73.57	0.02418	0.1204
73.62	0.02273	0.1377
73.67	0.02199	0.153
73.72	0.02189	0.1663
73.77	0.02237	0.1773
73.82	0.02334	0.186
73.86	0.02471	0.1923
73.91	0.02636	0.1964
73.96	0.02819	0.1981
74.01	0.03007	0.1975
74.06	0.03189	0.1948
74.11	0.03352	0.1902
74.16	0.03484	0.1837
74.21	0.03575	0.1757
74.26	0.03613	0.1662
74.3	0.03588	0.1557
74.35	0.03492	0.1444
74.4	0.03316	0.1325
74.45	0.03055	0.1203
74.5	0.027	0.1081
74.55	0.02249	0.09619
74.6	0.017	0.08473
74.65	0.0105	0.07397
74.69	0.003004	0.06412
74.74	-0.005488	0.05535
74.79	-0.01496	0.04783
74.84	-0.02538	0.04169
74.89	-0.0367	0.03705
74.94	-0.04887	0.03402
74.99	-0.06184	0.03266
75.04	-0.07551	0.03304
75.09	-0.0898	0.03521
75.13	-0.1046	0.03918
75.18	-0.1198	0.04496
75.23	-0.1353	0.05253
75.28	-0.151	0.06185
75.33	-0.1667	0.07287
75.38	-0.1822	0.0855
75.43	-0.1974	0.09963
75.48	-0.2122	0.1151
75.53	-0.2265	0.1319
75.57	-0.24	0.1497
75.62	-0.2526	0.1685
75.67	-0.2643	0.1879
75.72	-0.2749	0.2079
75.77	-0.2843	0.2281
75.82	-0.2925	0.2485
75.87	-0.2993	0.2687
75.92	-0.3048	0.2886
75.96	-0.3088	0.3079
76.01	-0.3114	0.3264
76.06	-0.3126	0.3439
76.11	-0.3122	0.3602
76.16	-0.3104	0.3752
76.21	-0.3072	0.3886
76.26	-0.3026	0.4002
76.31	-0.2967	0.4099
76.36	-0.2895	0.4177
76.4	-0.281	0.4232
76.45	-0.2714	0.4266
76.5	-0.2607	0.4277
76.55	-0.2489	0.4265
76.6	-0.2363	0.4229
76.65	-0.2228	0.417
76.7	-0.2085	0.4087
76.75	-0.1935	0.3982
76.8	-0.1778	0.3856
76.84	-0.1615	0.3708
76.89	-0.1447	0.354
76.94	-0.1272	0.3353
76.99	-0.1092	0.3147
77.04	-0.09063	0.2924
77.09	-0.07155	0.2686
77.14	-0.05197	0.2433
77.19	-0.03193	0.2166
77.23	-0.01147	0.1887
77.28	0.009326	0.1599
77.33	0.03038	0.1301
77.38	0.05157	0.09957
77.43	0.07278	0.06852
77.48	0.09384	0.03708
77.53	0.1146	0.005449
77.58	0.1348	-0.0262
77.63	0.1544	-0.05768
77.67	0.1731	-0.08882
77.72	0.1907	-0.1194
77.77	0.2071	-0.1493
77.82	0.2221	-0.1783
77.87	0.2356	-0.2063
77.92	0.2473	-0.2331
77.97	0.2573	-0.2585
78.02	0.2655	-0.2824
78.07	0.2717	-0.3048
78.11	0.2761	-0.3255
78.16	0.2785	-0.3445
78.21	0.2791	-0.3616
78.26	0.2779	-0.377
78.31	0.2749	-0.3904
78.36	0.2703	-0.402
78.41	0.2641	-0.4118
78.46	0.2566	-0.4197
78.51	0.2477	-0.426
78.55	0.2376	-0.4305
78.6	0.2266	-0.4335
78.65	0.2146	-0.435
78.7	0.202	-0.4351
78.75	0.1888	-0.4338
78.8	0.1752	-0.4314
78.85	0.1614	-0.4279
78.9	0.1475	-0.4234
78.94	0.1336	-0.418
78.99	0.1199	-0.4118
79.04	0.1065	-0.405
79.09	0.09354	-0.3975
79.14	0.08106	-0.3896
79.19	0.06917	-0.3812
79.24	0.05794	-0.3725
79.29	0.04745	-0.3635
79.34	0.03774	-0.3542
79.38	0.02886	-0.3448
79.43	0.02086	-0.3352
79.48	0.01375	-0.3255
79.53	0.007571	-0.3157
79.58	0.00233	-0.3059
79.63	-0.001959	-0.2959
79.68	-0.005287	-0.2859
79.73	-0.007653	-0.2758
79.78	-0.009063	-0.2656
79.82	-0.009526	-0.2552
79.87	-0.009059	-0.2446
79.92	-0.007688	-0.2338
79.97	-0.005445	-0.2228
80.02	-0.002373	-0.2115
80.07	0.001475	-0.1998
80.12	0.006035	-0.1877
80.17	0.01123	-0.1752
80.21	0.01697	-0.1623
80.26	0.02317	-0.1489
80.31	0.02971	-0.135
80.36	0.03647	-0.1207
80.41	0.04334	-0.1058
80.46	0.05018	-0.09055
80.51	0.05686	-0.07483
80.56	0.06325	-0.05872
80.61	0.06921	-0.04226
80.65	0.07463	-0.02552
80.7	0.07937	-0.00855
80.75	0.08335	0.008594
80.8	0.08645	0.02585
80.85	0.08862	0.04314
80.9	0.08977	0.06042
80.95	0.08988	0.07762
81	0.08894	0.09466
81.05	0.08696	0.1115
81.09	0.08398	0.128
81.14	0.08004	0.1441
81.19	0.07523	0.1598
81.24	0.06962	0.175
81.29	0.06332	0.1894
81.34	0.05644	0.2032
81.39	0.04911	0.2161
81.44	0.04145	0.2281
81.49	0.03359	0.2391
81.53	0.02563	0.249
81.58	0.01769	0.2577
81.63	0.00987	0.2653
81.68	0.002256	0.2716
81.73	-0.005083	0.2766
81.78	-0.01209	0.2803
81.83	-0.01873	0.2827
81.88	-0.02497	0.2838
81.92	-0.0308	0.2837
81.97	-0.03623	0.2822
82.02	-0.04126	0.2796
82.07	-0.04591	0.2758
82.12	-0.05021	0.2708
82.17	-0.05419	0.2647
82.22	-0.05789	0.2575
82.27	-0.06134	0.2493
82.32	-0.06459	0.2401
82.36	-0.06768	0.23
82.41	-0.07067	0.2191
82.46	-0.0736	0.2074
82.51	-0.07652	0.195
82.56	-0.0795	0.182
82.61	-0.08257	0.1684
82.66	-0.0858	0.1543
82.71	-0.08922	0.1398
82.76	-0.09287	0.1248
82.8	-0.09679	0.1095
82.85	-0.101	0.09378
82.9	-0.1055	0.07766
82.95	-0.1103	0.06112
83	-0.1154	0.04412
83.05	-0.1208	0.02661
83.1	-0.1264	0.00853
83.15	-0.1322	-0.01016
83.19	-0.1381	-0.02951
83.24	-0.1441	-0.04956
83.29	-0.1501	-0.07034
83.34	-0.156	-0.09188
83.39	-0.1617	-0.1141
83.44	-0.1672	-0.1371
83.49	-0.1722	-0.1608
83.54	-0.1768	-0.185
83.59	-0.1808	-0.2098
83.63	-0.1842	-0.2349
83.68	-0.1867	-0.2602
83.73	-0.1884	-0.2856
83.78	-0.189	-0.311
83.83	-0.1886	-0.336
83.88	-0.187	-0.3605
83.93	-0.1841	-0.3843
83.98	-0.18	-0.4072
84.03	-0.1746	-0.4291
84.07	-0.1679	-0.4496
84.12	-0.1598	-0.4687
84.17	-0.1504	-0.486
84.22	-0.1397	-0.5016
84.27	-0.1278	-0.5152
84.32	-0.1148	-0.5267
84.37	-0.1006	-0.5359
84.42	-0.08545	-0.5429
84.47	-0.06935	-0.5474
84.51	-0.0524	-0.5496
84.56	-0.03472	-0.5493
84.61	-0.01638	-0.5466
84.66	0.002503	-0.5415
84.71	0.02183	-0.534
84.76	0.04149	-0.5242
84.81	0.06138	-0.5122
84.86	0.08138	-0.4982
84.9	0.1014	-0.4823
84.95	0.1212	-0.4646
85	0.1408	-0.4453
85.05	0.16	-0.4246
85.1	0.1786	-0.4027
85.15	0.1965	-0.3796
85.2	0.2136	-0.3557
85.25	0.2296	-0.331
85.3	0.2445	-0.3057
85.34	0.258	-0.28
85.39	0.2702	-0.254
85.44	0.2808	-0.2277
85.49	0.2898	-0.2014
85.54	0.297	-0.175
85.59	0.3025	-0.1486
85.64	0.3062	-0.1223
85.69	0.308	-0.09628
85.74	0.3081	-0.07048
85.78	0.3064	-0.045
85.83	0.303	-0.01992
85.88	0.2981	0.004672
85.93	0.2916	0.02869
85.98	0.2839	0.05202
86.03	0.2749	0.07457
86.08	0.265	0.0962
86.13	0.2541	0.1168
86.17	0.2425	0.1362
86.22	0.2303	0.1543
86.27	0.2176	0.1709
86.32	0.2045	0.1859
86.37	0.1912	0.1992
86.42	0.1778	0.2107
86.47	0.1642	0.2202
86.52	0.1505	0.2277
86.57	0.1368	0.2331
86.61	0.1231	0.2366
86.66	0.1094	0.238
86.71	0.09566	0.2374
86.76	0.08197	0.235
86.81	0.06829	0.2309
86.86	0.05464	0.2252
86.91	0.04103	0.2181
86.96	0.02749	0.2098
87.01	0.01404	0.2006
87.05	0.0007095	0.1906
87.1	-0.01246	0.1801
87.15	-0.02543	0.1693
87.2	-0.03814	0.1584
87.25	-0.05054	0.1477
87.3	-0.06257	0.1373
87.35	-0.07417	0.1274
87.4	-0.08526	0.1182
87.45	-0.09578	0.1098
87.49	-0.1057	0.1022
87.54	-0.1148	0.09565
87.59	-0.1232	0.09016
87.64	-0.1306	0.08582
87.69	-0.1372	0.08267
87.74	-0.1427	0.08078
87.79	-0.1471	0.08018
87.84	-0.1503	0.0809
87.88	-0.1524	0.08297
87.93	-0.1532	0.0864
87.98	-0.1528	0.09121
88.03	-0.151	0.09739
88.08	-0.148	0.1049
88.13	-0.1437	0.1138
88.18	-0.1381	0.1239
88.23	-0.1313	0.1352
88.28	-0.1234	0.1476
88.32	-0.1143	0.1611
88.37	-0.1042	0.1754
88.42	-0.09317	0.1905
88.47	-0.08129	0.2062
88.52	-0.06869	0.2222
88.57	-0.05548	0.2385
88.62	-0.0418	0.2547
88.67	-0.02779	0.2707
88.72	-0.01359	0.2863
88.76	0.0006571	0.3012
88.81	0.0148	0.3153
88.86	0.02868	0.3282
88.91	0.04217	0.34
88.96	0.05511	0.3503
89.01	0.06737	0.3591
89.06	0.07881	0.3662
89.11	0.08932	0.3716
89.15	0.0988	0.3751
89.2	0.1071	0.3769
89.25	0.1143	0.3768
89.3	0.1201	0.3749
89.35	0.1246	0.3712
89.4	0.1278	0.3658
89.45	0.1295	0.3589
89.5	0.1299	0.3504
89.55	0.1289	0.3406
89.59	0.1266	0.3296
89.64	0.123	0.3175
89.69	0.1181	0.3044
89.74	0.112	0.2905
89.79	0.1047	0.2759
89.84	0.0964	0.2607
89.89	0.08706	0.2452
89.94	0.07677	0.2293
89.99	0.06562	0.2132
90.03	0.05368	0.197
90.08	0.04104	0.1808
90.13	0.02778	0.1647
90.18	0.01398	0.1488
90.23	-0.000278	0.1332
90.28	-0.01491	0.1179
90.33	-0.02983	0.103
90.38	-0.04497	0.08851
90.43	-0.06023	0.07453
90.47	-0.07554	0.06109
90.52	-0.0908	0.04823
90.57	-0.106	0.03598
90.62	-0.1209	0.02439
90.67	-0.1355	0.01347
90.72	-0.1498	0.003263
90.77	-0.1636	-0.006213
90.82	-0.1768	-0.01494
90.86	-0.1894	-0.02291
90.91	-0.2012	-0.0301
90.96	-0.2123	-0.03652
91.01	-0.2224	-0.04218
91.06	-0.2315	-0.04709
91.11	-0.2396	-0.05127
91.16	-0.2465	-0.05476
91.21	-0.2522	-0.0576
91.26	-0.2566	-0.05982
91.3	-0.2598	-0.06149
91.35	-0.2616	-0.06266
91.4	-0.2621	-0.06338
91.45	-0.2613	-0.06371
91.5	-0.2592	-0.0637
91.55	-0.2558	-0.06341
91.6	-0.2512	-0.06289
91.65	-0.2455	-0.06217
91.7	-0.2388	-0.06129
91.74	-0.2312	-0.06028
91.79	-0.2229	-0.05917
91.84	-0.2139	-0.05795
91.89	-0.2045	-0.05666
91.94	-0.1947	-0.05528
91.99	-0.1848	-0.05384
92.04	-0.1748	-0.05232
92.09	-0.1648	-0.05074
92.13	-0.155	-0.0491
92.18	-0.1454	-0.0474
92.23	-0.1362	-0.04563
92.28	-0.1273	-0.04382
92.33	-0.1188	-0.04194
92.38	-0.1107	-0.04001
92.43	-0.1031	-0.03802
92.48	-0.09584	-0.03596
92.53	-0.08899	-0.03381
92.57	-0.08249	-0.03156
92.62	-0.07633	-0.02917
92.67	-0.07045	-0.02661
92.72	-0.06483	-0.02383
92.77	-0.05943	-0.02078
92.82	-0.0542	-0.01741
92.87	-0.04912	-0.01366
92.92	-0.04414	-0.009467
92.97	-0.03922	-0.004782
93.01	-0.03434	0.0004438
93.06	-0.02947	0.006246
93.11	-0.02458	0.01265
93.16	-0.01964	0.01965
93.21	-0.01463	0.02725
93.26	-0.009534	0.03541
93.31	-0.004346	0.04406
93.36	0.0009398	0.05314
93.4	0.006322	0.06255
93.45	0.01179	0.07217
93.5	0.01733	0.08188
93.55	0.02292	0.09154
93.6	0.02852	0.101
93.65	0.0341	0.1101
93.7	0.0396	0.1187
93.75	0.04499	0.1267
93.8	0.05021	0.1339
93.84	0.05521	0.1402
93.89	0.05992	0.1455
93.94	0.0643	0.1497
93.99	0.06828	0.1527
94.04	0.07182	0.1546
94.09	0.07486	0.1551
94.14	0.07738	0.1544
94.19	0.07933	0.1523
94.24	0.08069	0.1489
94.28	0.08145	0.1442
94.33	0.08159	0.1381
94.38	0.08114	0.1307
94.43	0.08009	0.1221
94.48	0.07848	0.1121
94.53	0.07635	0.101
94.58	0.07372	0.08874
94.63	0.07066	0.07541
94.68	0.06722	0.0611
94.72	0.06346	0.04591
94.77	0.05945	0.02996
94.82	0.05526	0.01339
94.87	0.05094	-0.003686
94.92	0.04658	-0.0211
94.97	0.04222	-0.03871
95.02	0.03794	-0.05634
95.07	0.03378	-0.07385
95.11	0.0298	-0.09108
95.16	0.02603	-0.1079
95.21	0.0225	-0.1241
95.26	0.01924	-0.1396
95.31	0.01627	-0.1543
95.36	0.01358	-0.168
95.41	0.01119	-0.1808
95.46	0.009077	-0.1924
95.51	0.007238	-0.2028
95.55	0.005654	-0.212
95.6	0.004305	-0.2199
95.65	0.003167	-0.2264
95.7	0.002217	-0.2317
95.75	0.001429	-0.2356
95.8	0.0007809	-0.2381
95.85	0.0002446	-0.2392
95.9	-0.0002001	-0.239
95.95	-0.0005696	-0.2375
95.99	-0.0008755	-0.2347
96.04	-0.001124	-0.2307
96.09	-0.001317	-0.2254
96.14	-0.001452	-0.219
96.19	-0.001519	-0.2114
96.24	-0.00151	-0.2027
96.29	-0.001411	-0.193
96.34	-0.001208	-0.1823
96.38	-0.0008884	-0.1707
96.43	-0.0004414	-0.1582
96.48	0.0001394	-0.1448
96.53	0.0008554	-0.1307
96.58	0.001703	-0.1159
96.63	0.002672	-0.1004
96.68	0.00375	-0.08436
96.73	0.004918	-0.06778
96.78	0.006156	-0.05076
96.82	0.007444	-0.03338
96.87	0.008761	-0.01572
96.92	0.01009	0.002126
96.97	0.01142	0.02007
97.02	0.01274	0.03803
97.07	0.01405	0.0559
97.12	0.01535	0.0736
97.17	0.01665	0.09104
97.22	0.01796	0.1081
97.26	0.01929	0.1248
97.31	0.02065	0.141
97.36	0.02206	0.1566
97.41	0.02351	0.1715
97.46	0.02501	0.1858
97.51	0.02655	0.1993
97.56	0.02812	0.212
97.61	0.02969	0.2239
97.66	0.03125	0.2348
97.7	0.03276	0.2449
97.75	0.03418	0.254
97.8	0.03548	0.2622
97.85	0.0366	0.2693
97.9	0.03752	0.2754
97.95	0.03818	0.2805
98	0.03857	0.2845
98.05	0.03866	0.2874
98.09	0.03844	0.2892
98.14	0.03791	0.2899
98.19	0.03708	0.2895
98.24	0.03598	0.2878
98.29	0.03466	0.285
98.34	0.03317	0.281
98.39	0.03157	0.2758
98.44	0.02996	0.2695
98.49	0.02841	0.2619
98.53	0.02702	0.2532
98.58	0.02588	0.2434
98.63	0.02509	0.2325
98.68	0.02473	0.2207
98.73	0.02488	0.2078
98.78	0.02559	0.1942
98.83	0.02692	0.1797
98.88	0.02888	0.1646
98.93	0.03147	0.1488
98.97	0.03467	0.1326
99.02	0.03844	0.1159
99.07	0.04271	0.09889
99.12	0.04738	0.08165
99.17	0.05235	0.06427
99.22	0.05747	0.04683
99.27	0.06262	0.02943
99.32	0.06764	0.01215
99.36	0.07237	-0.004934
99.41	0.07666	-0.02174
99.46	0.08037	-0.03821
99.51	0.08337	-0.05427
99.56	0.08552	-0.06989
99.61	0.08675	-0.08502
99.66	0.08696	-0.09963
99.71	0.08612	-0.1137
99.76	0.08418	-0.1273
99.8	0.08114	-0.1403
99.85	0.07702	-0.1528
99.9	0.07186	-0.1648
99.95	0.0657	-0.1764
100	0.05863	-0.1875
