-0	0
-0.0004209038671	0.0005148731755
-0.0008426926272	0.0010278235
-0.001264800181	0.001538036696
-0.001687121393	0.002045361536
-0.002109803182	0.002550009346
-0.002532845546	0.003051980127
-0.002955588909	0.003550260632
-0.003377192016	0.004043558521
-0.003798639152	0.00453338586
-0.004219930318	0.005019742648
-0.004641037901	0.005502583939
-0.005058960756	0.005977024672
-0.005476218664	0.006447166377
-0.005892811625	0.006913009054
-0.006308739639	0.007374552702
-0.00672136915	0.00782730048
-0.00713153003	0.008272669405
-0.007540523298	0.008712880994
-0.007948348955	0.009147935248
-0.008353495297	0.009575154486
-0.008753618034	0.009990386279
-0.00915206915	0.01039956798
-0.009548848644	0.0108026996
-0.009943956516	0.01119978113
-0.01033146524	0.01158006081
-0.01071646914	0.01195277911
-0.01109929961	0.01231853709
-0.01147995663	0.01267733475
-0.0118542023	0.01302141376
-0.01222293577	0.01335242026
-0.01258900044	0.01367555957
-0.0129523963	0.01399083169
-0.01331119654	0.01429472959
-0.01366075021	0.01457878802
-0.01400713823	0.01485407496
-0.01435036061	0.01512059042
-0.01469041735	0.0153783344
-0.01501895171	0.0156124119
-0.0153427119	0.01583485091
-0.01566280669	0.01604762767
-0.01597923607	0.01625074218
-0.01628644647	0.01643464326
-0.01658458503	0.01659958397
-0.01687855458	0.01675399629
-0.0171683551	0.01689788023
-0.01745200126	0.01702798372
-0.01772149869	0.0171312116
-0.01798631978	0.01722308009
-0.01824646453	0.0173035892
-0.01850193295	0.01737273891
-0.01874213975	0.01741418222
-0.01897480819	0.01743984626
-0.01920229107	0.01745336452
-0.01942458839	0.01745473699
-0.0196352796	0.01743468265
-0.01983288436	0.01739106162
-0.02002479625	0.01733456148
-0.02021101527	0.01726518222
-0.02038998995	0.01718083574
-0.02054980699	0.01706548812
-0.0207034315	0.0169365889
-0.02085086347	0.01679413807
-0.0209921029	0.01663813563
-0.02111551401	0.01645407119
-0.02122843586	0.01625109693
-0.02133468054	0.01603396671
-0.02143424805	0.01580268051
-0.02152094308	0.01555012193
-0.0215911633	0.01527215306
-0.02165424541	0.01497949876
-0.02171018944	0.01467215905
-0.02175837442	0.01434948224
-0.0217844354	0.01399639289
-0.02180293094	0.01362816962
-0.02181386104	0.01324481244
-0.0218172257	0.01284632135
-0.02180292041	0.01242313034
-0.02177608895	0.01198010905
-0.02174130912	0.01152159134
-0.02169858093	0.0110475772
-0.02164352974	0.01055441632
-0.0215714483	0.01003818082
-0.02149109161	0.009506176131
-0.02140245965	0.008958402245
-0.02130555244	0.008394859165
-0.02118950473	0.007807979088
-0.02106465265	0.007204961292
-0.02093126628	0.00658599388
-0.02078934562	0.005951076853
-0.02063386827	0.005297796251
-0.02046663921	0.004627019626
-0.020290696	0.003940206934
-0.02010603862	0.003237358175
-0.01991153437	0.00251857933
-0.01970512552	0.001784062923
-0.01948991175	0.001033518942
-0.01926589306	0.0002669473857
-0.01903306945	-0.0005156517454
-0.01879171768	-0.001309591821
-0.01854159403	-0.002118999883
-0.0182826716	-0.002944331542
-0.01801495039	-0.003785586799
-0.01774151854	-0.004637057078
-0.01746184182	-0.00549972994
-0.01717347424	-0.006378126897
-0.0168764158	-0.007272247948
-0.01657293105	-0.008178936075
-0.01626990377	-0.009088594513
-0.01595839658	-0.01001368295
-0.0156384095	-0.01095420138
-0.01530994253	-0.01191014981
-0.01498772056	-0.01286324374
-0.0146599926	-0.01382807486
-0.01432409566	-0.01480794989
-0.01398002976	-0.01580286883
-0.01363926917	-0.01679936283
-0.01330254849	-0.01779656961
-0.01295806198	-0.01880834708
-0.01260580966	-0.01983469522
-0.01224972633	-0.02087110782
-0.01191120182	-0.02189308889
-0.01156539457	-0.0229290874
-0.01121230458	-0.02397910335
-0.01085193186	-0.02504313674
-0.01051096468	-0.02609071145
-0.01017069463	-0.02714319116
-0.009823688741	-0.02820906378
-0.009469947015	-0.02928832933
-0.009125726279	-0.03036212946
-0.00879711218	-0.03142340467
-0.008462354141	-0.03249738619
-0.008121452161	-0.03358407401
-0.007777312405	-0.03467998051
-0.007465465764	-0.03574246578
-0.00714809192	-0.03681691721
-0.00682519087	-0.03790333482
-0.006496762617	-0.03900171861
-0.006193503532	-0.04007323012
-0.005897432325	-0.04114062011
-0.005596455339	-0.04221919001
-0.005290572573	-0.04330893984
-0.004995341015	-0.04438869789
-0.004723162202	-0.04544158678
-0.004446684685	-0.04650482941
-0.004165908466	-0.04757842579
-0.003881084248	-0.04866200098
-0.003634020324	-0.04969303349
-0.003383233316	-0.05073355893
-0.003128723224	-0.05178357732
-0.002870490047	-0.05284308864
-0.002634556636	-0.05386831413
-0.002409287895	-0.05487882774
-0.00218082552	-0.05589794359
-0.001949169512	-0.05692566167
-0.001725132411	-0.05794095933
-0.00152391877	-0.05891427462
-0.001319982776	-0.05989527583
-0.00111332443	-0.06088396298
-0.0009039437305	-0.06188033606
-0.0007222576862	-0.06281377726
-0.0005401460227	-0.06374957218
-0.0003557160266	-0.06469211502
-0.0001689676978	-0.06564140581
4.202270524e-06	-0.06655148517
0.0001682025137	-0.06743509903
0.000334190328	-0.06832450455
0.0005021657135	-0.06921970174
0.00066718606	-0.07010182445
0.0008175966443	-0.07092638615
0.0009697402373	-0.07175576783
0.001123616839	-0.07258996951
0.00127922645	-0.07342899117
0.001423055014	-0.0741982136
0.00156653953	-0.07496078735
0.001711578745	-0.07572719653
0.001858172658	-0.07649744113
0.002001498208	-0.07722563232
0.002141868496	-0.07791474906
0.002283688923	-0.07860670641
0.00242695949	-0.07930150437
0.002571145082	-0.0799840713
0.002714076474	-0.08059331034
0.00285842244	-0.08120438827
0.003004182979	-0.08181730507
0.003151358091	-0.08243206075
0.003301969215	-0.0829729118
0.003454489383	-0.08349707383
0.003608450917	-0.08402207084
0.003763853816	-0.08454790283
0.003924208616	-0.08503123819
0.004090246326	-0.08546305384
0.004257806381	-0.08589470492
0.004426888782	-0.08632619142
0.004598731618	-0.08674781069
0.004783143144	-0.08708269752
0.004969202945	-0.0874164329
0.00515691102	-0.08774901683
0.005346267368	-0.0880804493
0.005549229398	-0.08833911448
0.005758043142	-0.08857145278
0.005968666167	-0.08880167531
0.006181098475	-0.08902978207
0.006402735549	-0.08921878177
0.006637809499	-0.08934750594
0.006864818076	-0.08934224691
0.007069049856	-0.0890304033
0.007274034457	-0.08871524884
0.00749891178	-0.08831260763
0.007723789102	-0.08790996643
0.007948666425	-0.08750732523
0.008173543748	-0.08710468403
0.008413292293	-0.08664272418
0.008659990936	-0.08615304163
0.00890668958	-0.08566335908
0.009153388223	-0.08517367654
0.009407020068	-0.08465832714
0.009674951341	-0.08409004097
0.009942882614	-0.08352175479
0.01021081389	-0.08295346862
0.01047874516	-0.08238518245
0.01076643203	-0.08174771683
0.01105469698	-0.08110822694
0.01134296192	-0.08046873706
0.01163122686	-0.07982924717
0.01193108977	-0.07915070631
0.01223816406	-0.07844788433
0.01254523835	-0.07774506234
0.01285231264	-0.07704224036
0.01316374684	-0.07632501821
0.01348748479	-0.07556715854
0.01381122274	-0.07480929888
0.01413496068	-0.07405143921
0.01445869863	-0.07329357955
0.01479506268	-0.07249355228
0.01513272632	-0.07168918479
0.01547038995	-0.0708848173
0.01580805358	-0.0700804498
0.01615158108	-0.06925516035
0.01649987318	-0.06841287104
0.01684816527	-0.06757058173
0.01719645737	-0.06672829241
0.01754608821	-0.06588021319
0.01790118462	-0.0650084959
0.01825628104	-0.06413677861
0.01861137745	-0.06326506133
0.01896647387	-0.06239334404
0.01932367199	-0.06150384333
0.01968126514	-0.06061100019
0.02003885829	-0.05971815704
0.02039645144	-0.05882531389
0.0207529534	-0.05792611383
0.02110830508	-0.05702021266
0.02146365676	-0.05611431149
0.02181900844	-0.05520841032
0.02217339308	-0.05430182054
0.02252141064	-0.05339069696
0.02286942821	-0.05247957337
0.02321744577	-0.05156844979
0.02356546334	-0.0506573262
0.02390363551	-0.04974806959
0.02423898027	-0.04883934914
0.02457432502	-0.04793062869
0.02490966978	-0.04702190824
0.02523737925	-0.04611733457
0.02555462776	-0.04521844232
0.02587187627	-0.04431955008
0.02618912477	-0.04342065783
0.02650480648	-0.04252290585
0.02679865654	-0.04164104232
0.0270925066	-0.04075917879
0.02738635665	-0.03987731526
0.02768020671	-0.03899545172
0.02795387134	-0.0381306338
0.02821937098	-0.03727271082
0.02848487062	-0.03641478784
0.02875037026	-0.03555686486
0.02900417848	-0.03470982062
0.02923693208	-0.03388236747
0.02946968567	-0.03305491432
0.02970243927	-0.03222746118
0.0299351175	-0.03140008354
0.03013143714	-0.03060913439
0.03032775679	-0.02981818524
0.03052407643	-0.02902723609
0.03072039608	-0.02823628694
0.03089126149	-0.02747246398
0.03104824553	-0.02672343419
0.03120522956	-0.02597440441
0.0313622136	-0.02522537462
0.03150709263	-0.02448995315
0.03162264098	-0.02378750492
0.03173818933	-0.02308505668
0.03185373768	-0.02238260845
0.03196928603	-0.02168016021
0.03204475759	-0.02102489173
0.03211754256	-0.02037278599
0.03219032753	-0.01972068026
0.0322631125	-0.01906857452
0.0323106446	-0.01844734602
0.03234005549	-0.01784827474
0.03236946637	-0.01724920346
0.03239887725	-0.01665013219
0.03241843908	-0.01606343845
0.03240450911	-0.01551883466
0.03239057913	-0.01497423088
0.03237664916	-0.01442962709
0.03236271918	-0.01388502331
0.03231150127	-0.01338790901
0.03225482372	-0.01289774805
0.03219814617	-0.01240758708
0.03214146862	-0.01191742612
0.03206322855	-0.0114545753
0.03196486959	-0.01101720617
0.03186651063	-0.01057983705
0.03176815167	-0.01014246793
0.03166326281	-0.009713123778
0.03152468341	-0.009325183795
0.03138610402	-0.008937243812
0.03124752463	-0.00854930383
0.03110894524	-0.008161363847
0.03093934172	-0.007809267189
0.03076233705	-0.007465721347
0.03058533238	-0.007122175505
0.03040832772	-0.006778629664
0.03021488176	-0.006452214625
0.03000153665	-0.006146533255
0.02978819155	-0.005840851886
0.02957484644	-0.005535170516
0.02935818811	-0.005232427055
0.02911084717	-0.00495689052
0.02886350623	-0.004681353986
0.02861616529	-0.004405817452
0.02836882434	-0.004130280918
0.02809816259	-0.003870818653
0.02781941296	-0.003616931102
0.02754066332	-0.003363043552
0.02726191368	-0.003109156001
0.02697208574	-0.002860260013
0.02666474922	-0.002619252887
0.02635741269	-0.002378245762
0.02605007616	-0.002137238637
0.02574190769	-0.001896375052
0.02540902506	-0.001659775548
0.02507614244	-0.001423176045
0.02474325981	-0.001186576542
0.02441037719	-0.0009499770381
0.02406236834	-0.0007112284766
0.02370716256	-0.0004714574091
0.02335195677	-0.0002316863416
0.02299675099	8.084725868e-06
0.0226354211	0.0002508445722
0.02226123395	0.0004998792202
0.0218870468	0.0007489138681
0.02151285964	0.0009979485161
0.02113867249	0.001246983164
0.02074939572	0.001508893795
0.02035961485	0.001771234571
0.01996983397	0.002033575348
0.0195800531	0.002295916125
0.01918277903	0.002567320549
0.01878076853	0.002844454077
0.01837875802	0.003121587606
0.01797674752	0.003398721135
0.01757243114	0.003679286209
0.01716147426	0.003969733501
0.01675051739	0.004260180793
0.01633956051	0.004550628085
0.01592860363	0.004841075378
0.01551240425	0.005139293339
0.0150956403	0.005438348122
0.01467887635	0.005737402905
0.0142621124	0.006036457688
0.01384375968	0.006335841808
0.01342409554	0.006635497773
0.01300443139	0.006935153739
0.01258476725	0.007234809704
0.01216503426	0.007532424822
0.01174501313	0.007821498271
0.01132499199	0.00811057172
0.01090497086	0.008399645169
0.01048494973	0.008688718618
0.01006632502	0.008957148466
0.009647970477	0.009221584207
0.009229615938	0.009486019949
0.008811261399	0.00975045569
0.008394363257	0.009995047068
0.007979024522	0.01021839054
0.007563685786	0.010441734
0.00714834705	0.01066507747
0.006733466156	0.01088083013
0.006321705496	0.01104485076
0.005909944837	0.01120887139
0.005498184177	0.01137289202
0.005086423517	0.01153691265
0.004677219655	0.01164019028
0.004268766655	0.01172562936
0.003860313654	0.01181106845
0.003451860654	0.01189650753
0.003044351182	0.0119405156
0.00263815527	0.01192684423
0.002231959359	0.01191317286
0.001825763448	0.01189950149
0.001419598209	0.01187831936
0.001013888662	0.0117455511
0.0006081791159	0.01161278285
0.0002024695693	0.01148001459
-0.0002032399773	0.01134724633
-0.0006101462658	0.01111916598
-0.001017545888	0.0108517951
-0.001424945509	0.01058442422
-0.001832345131	0.01031705334
-0.002241150479	0.009997060556
-0.002652530801	0.009580676282
-0.003063911124	0.009164292008
-0.003475291446	0.008747907733
-0.003886671768	0.008331523459
-0.004304207489	0.007755325712
-0.00472175449	0.007178835117
-0.005139301491	0.006602344522
-0.005556848492	0.006025853928
-0.005979557466	0.005341772916
-0.006405129843	0.004598010346
-0.00683070222	0.003854247776
-0.007256274596	0.003110485206
-0.007684545188	0.002317691605
-0.008119478498	0.001403825355
-0.008554411809	0.0004899591042
-0.00898934512	-0.0004239071464
-0.00942427843	-0.001337773397
-0.009868539802	-0.002408817209
-0.01031346806	-0.003491098048
-0.01075839632	-0.004573378887
-0.01120332458	-0.005655659726
-0.01165390142	-0.006831759948
-0.01210859703	-0.008076270166
-0.01256329264	-0.009320780384
-0.01301798825	-0.0105652906
-0.01347459782	-0.01184369676
-0.01393786279	-0.0132399694
-0.01440112775	-0.01463624204
-0.01486439272	-0.01603251468
-0.01532765769	-0.01742878732
-0.01579645244	-0.01894436679
-0.01626608531	-0.02047802887
-0.01673571818	-0.02201169095
-0.01720535105	-0.02354535304
-0.01767664178	-0.02514043656
-0.01814950369	-0.02679373064
-0.0186223656	-0.02844702472
-0.01909522751	-0.0301003188
-0.01956798179	-0.03176932285
-0.02004016443	-0.03352176137
-0.02051234708	-0.03527419989
-0.02098452973	-0.03702663842
-0.02145671238	-0.03877907694
-0.02192480205	-0.04059313568
-0.0223918907	-0.04242226483
-0.02285897935	-0.04425139397
-0.023326068	-0.04608052312
-0.02378880896	-0.04793346832
-0.02424620435	-0.0498156959
-0.02470359974	-0.05169792348
-0.02516099513	-0.05358015106
-0.02561706774	-0.0554651116
-0.02606032514	-0.05737654934
-0.02650358254	-0.05928798708
-0.02694683993	-0.06119942482
-0.02739009733	-0.06311086256
-0.02781997899	-0.06502660623
-0.02824512675	-0.06694387383
-0.0286702745	-0.06886114143
-0.02909542226	-0.07077840904
-0.02951238779	-0.07268941739
-0.02991620728	-0.07459036926
-0.03032002678	-0.07649132113
-0.03072384628	-0.078392273
-0.03112698993	-0.08029217554
-0.03150723524	-0.08215652554
-0.03188748056	-0.08402087554
-0.03226772587	-0.08588522554
-0.03264797118	-0.08774957554
-0.03301156963	-0.08957719654
-0.0333671055	-0.09138702857
-0.03372264137	-0.09319686059
-0.03407817723	-0.09500669261
-0.03442584303	-0.09679431535
-0.03475668769	-0.09853446898
-0.03508753235	-0.1002746226
-0.03541837701	-0.1020147762
-0.03574922167	-0.1037549299
-0.03605735718	-0.1054162098
-0.03636463915	-0.1070745251
-0.03667192112	-0.1087328404
-0.03697920309	-0.1103911557
-0.03727343585	-0.1119941209
-0.0375592839	-0.1135615212
-0.03784513196	-0.1151289214
-0.03813098001	-0.1166963216
-0.03841214054	-0.1182390978
-0.03867952261	-0.1197094943
-0.03894690469	-0.1211798908
-0.03921428676	-0.1226502873
-0.03948166884	-0.1241206838
-0.03973568745	-0.1255008549
-0.03998820276	-0.1268708762
-0.04024071807	-0.1282408975
-0.04049323339	-0.1296109189
-0.04073982835	-0.1309257586
-0.04098145902	-0.1321943276
-0.04122308969	-0.1334628967
-0.04146472036	-0.1347314658
-0.04170506894	-0.135980995
-0.04193991433	-0.137148799
-0.04217475972	-0.138316603
-0.04240960512	-0.139484407
-0.04264445051	-0.140652211
-0.04287694687	-0.1417375418
-0.04310897564	-0.1428064556
-0.04334100441	-0.1438753695
-0.04357303319	-0.1449442834
-0.04380545418	-0.1459670261
-0.04403830174	-0.1469395543
-0.04427114931	-0.1479120825
-0.04450399687	-0.1488846108
-0.04473733631	-0.1498455099
-0.04497414862	-0.1507243003
-0.04521096094	-0.1516030908
-0.04544777325	-0.1524818813
-0.04568458557	-0.1533606718
-0.04592638943	-0.1541692206
-0.0461696919	-0.1549566809
-0.04641299437	-0.1557441413
-0.04665629684	-0.1565316016
-0.04690301941	-0.1572820216
-0.04715458037	-0.1579800409
-0.04740614133	-0.1586780603
-0.04765770229	-0.1593760796
-0.04790980261	-0.1600688769
-0.04817047947	-0.1606786371
-0.04843115633	-0.1612883973
-0.04869183319	-0.1618981574
-0.04895251005	-0.1625079176
-0.04921945619	-0.1630557658
-0.04948903571	-0.163577608
-0.04975861523	-0.1640994503
-0.05002819475	-0.1646212926
-0.05030039017	-0.1651122153
-0.05057746	-0.1655455231
-0.05085452983	-0.1659788309
-0.05113159966	-0.1664121388
-0.05140866949	-0.1668454466
-0.05169052817	-0.1671890282
-0.05197241443	-0.167532093
-0.05225430069	-0.1678751578
-0.05253618695	-0.1682182225
-0.05281864883	-0.1685017044
-0.05310143547	-0.1687515703
-0.0533842221	-0.1690014361
-0.05366700873	-0.1692513019
-0.05394860752	-0.1694734295
-0.05422721665	-0.1696257436
-0.05450582578	-0.1697780578
-0.05478443491	-0.1699303719
-0.05506304405	-0.170082686
-0.05533207739	-0.1701388976
-0.05560038311	-0.1701878066
-0.05586868882	-0.1702367157
-0.05613699454	-0.1702856248
-0.05639533246	-0.1702708924
-0.05664628524	-0.1702090081
-0.05689723802	-0.1701471239
-0.0571481908	-0.1700852396
-0.05739361495	-0.1699970916
-0.05761937474	-0.169815528
-0.05784513454	-0.1696339645
-0.05807089433	-0.1694524009
-0.05829665412	-0.1692708373
-0.05849329566	-0.1689769212
-0.05868537273	-0.1686653932
-0.0588774498	-0.1683538651
-0.05906952687	-0.1680423371
-0.05923986496	-0.1676587178
-0.05938927662	-0.1672057019
-0.05953868828	-0.1667526859
-0.05968809993	-0.16629967
-0.05982947926	-0.1658228509
-0.05992692114	-0.1652158269
-0.06002436303	-0.1646088028
-0.06012180491	-0.1640017788
-0.06021924679	-0.1633947548
-0.06026643996	-0.1626511603
-0.06030103899	-0.1618733363
-0.06033563802	-0.1610955124
-0.06037023706	-0.1603176885
-0.06037302056	-0.1594589964
-0.06033606434	-0.1584992946
-0.06029910811	-0.1575395929
-0.06026215189	-0.1565798911
-0.06021797578	-0.1556027847
-0.06010049838	-0.1544489745
-0.05998302099	-0.1532951644
-0.05986554359	-0.1521413542
-0.05974806619	-0.150987544
-0.05956491614	-0.149682433
-0.05935805169	-0.1483226873
-0.05915118725	-0.1469629416
-0.05894432281	-0.1456031959
-0.05870033941	-0.1441614229
-0.05839572547	-0.1425856658
-0.05809111153	-0.1410099086
-0.05778649759	-0.1394341514
-0.05747927117	-0.1378528524
-0.05706919253	-0.1360533703
-0.05665911388	-0.1342538883
-0.05624903523	-0.1324544062
-0.05583895658	-0.1306549241
-0.05535360149	-0.1287023525
-0.05483113749	-0.1266743126
-0.0543086735	-0.1246462727
-0.0537862095	-0.1226182327
-0.05322648625	-0.1205177494
-0.05258567962	-0.1182596151
-0.051944873	-0.1160014809
-0.05130406637	-0.1137433466
-0.05066325974	-0.1114852123
-0.04990427529	-0.1090082308
-0.04914035109	-0.1065221017
-0.04837642689	-0.1040359725
-0.04761250269	-0.1015498433
-0.04677208874	-0.09892941245
-0.04588171708	-0.09622126517
-0.04499134542	-0.09351311788
-0.04410097376	-0.0908049706
-0.04317860557	-0.08804382793
-0.0421602216	-0.08512365572
-0.04114183764	-0.0822034835
-0.04012345367	-0.07928331128
-0.0391050697	-0.07636313906
-0.03797263358	-0.07326573619
-0.03682681481	-0.07014753745
-0.03568099605	-0.06702933871
-0.03453517728	-0.06391113997
-0.03332223533	-0.06069561388
-0.03205211896	-0.05739718597
-0.0307820026	-0.05409875807
-0.02951188623	-0.05080033016
-0.02821990098	-0.04747247015
-0.02683160989	-0.04401499752
-0.0254433188	-0.04055752489
-0.02405502771	-0.03710005226
-0.02266673662	-0.03364257963
-0.0211882468	-0.03007300039
-0.01969129447	-0.02648047438
-0.01819434214	-0.02288794836
-0.01669738981	-0.01929542234
-0.01515510909	-0.01565113615
-0.01356275402	-0.01194967038
-0.01197039895	-0.008248204609
-0.01037804388	-0.004546738838
-0.008776301086	-0.0008354876033
-0.007105820549	0.002947413643
-0.005435340011	0.006730314889
-0.003764859474	0.01051321613
-0.002094378936	0.01429611738
-0.0003805299342	0.01811979089
0.001346626757	0.02195597544
0.003073783448	0.02579215999
0.004800940139	0.02962834453
0.006540839298	0.0334748733
0.008299057503	0.0373362733
0.01005727571	0.04119767329
0.01181549391	0.04505907329
0.01357379405	0.04892035963
0.01533349468	0.0527797031
0.01709319532	0.05663904658
0.01885289595	0.06049839006
0.02061259658	0.06435773354
0.02235013767	0.06819758441
0.02407819557	0.07202909342
0.02580625347	0.07586060242
0.02753431137	0.07969211143
0.02923900188	0.08350586652
0.0308993949	0.08728596555
0.03255978792	0.09106606458
0.03422018094	0.09484616361
0.03588057395	0.09862626265
0.03743627893	0.1023350098
0.03899096655	0.1060430635
0.04054565417	0.1097511172
0.04210034178	0.1134591709
0.04356309974	0.117110686
0.0449731099	0.1207297602
0.04638312006	0.1243488344
0.04779313022	0.1279679086
0.04915172652	0.1315585295
0.05037840822	0.1350761464
0.05160508991	0.1385937634
0.0528317716	0.1421113803
0.0540584533	0.1456289972
0.05508125872	0.1490459576
0.05608764847	0.1524548134
0.05709403822	0.1558636692
0.05810042797	0.1592725249
0.05896182555	0.1626184903
0.05971407391	0.1659171121
0.06046632228	0.1692157339
0.06121857064	0.1725143556
0.06190971948	0.1757902795
0.06237851351	0.1789836006
0.06284730753	0.1821769217
0.06331610156	0.1853702428
0.06378489558	0.1885635639
0.06398958546	0.1916764155
0.06415149179	0.1947762315
0.06431339811	0.1978760475
0.06447530443	0.2009758635
0.06447376659	0.2040379811
0.06431242081	0.207063239
0.06415107504	0.210088497
0.06398972926	0.2131137549
0.0637784288	0.216131724
0.06328551077	0.2191086027
0.06279259273	0.2220854815
0.0622996747	0.2250623602
0.06180675667	0.228039239
0.06105035362	0.2310040907
0.06022629762	0.2339658542
0.05940224162	0.2369276178
0.05857818562	0.2398893814
0.05761241405	0.2428621022
0.05646681148	0.2458487271
0.05532120891	0.2488353521
0.05417560634	0.251821977
0.05300403945	0.2548146876
0.05155570477	0.2578722683
0.05010737009	0.260929849
0.04865903542	0.2639874296
0.04721070074	0.2670450103
0.04556141913	0.2701919957
0.04383811685	0.2733719141
0.04211481457	0.2765518326
0.04039151229	0.279731751
0.03857844497	0.282978531
0.03661630287	0.2863363495
0.03465416076	0.289694168
0.03269201865	0.2930519865
0.03072580202	0.2964147352
0.02856845787	0.3000087525
0.02641111371	0.3036027698
0.02425376956	0.3071967871
0.02209642541	0.3107908045
0.01984245223	0.3145815353
0.01753999961	0.3184709588
0.01523754698	0.3223603822
0.01293509436	0.3262498057
0.01060474419	0.3302490886
0.008212572839	0.3344918211
0.005820401484	0.3387345535
0.003428230129	0.342977286
0.001036058774	0.3472200184
-0.001385010226	0.3518521599
-0.003807409874	0.3565022324
-0.006229809523	0.361152305
-0.008652209172	0.3658023775
-0.01105526112	0.3707257126
-0.01344546908	0.3758304532
-0.01583567705	0.3809351938
-0.01822588501	0.3860399345
-0.02059236399	0.3912658149
-0.02288613274	0.3968628913
-0.02517990148	0.4024599677
-0.02747367022	0.4080570441
-0.02976743897	0.4136541205
-0.03191728709	0.4197122517
-0.03404954448	0.4258267355
-0.03618180186	0.4319412193
-0.03831405925	0.4380557031
-0.04032381931	0.4444546264
-0.04222758901	0.4510996599
-0.04413135872	0.4577446933
-0.04603512843	0.4643897268
-0.04788493155	0.4711302327
-0.04949080301	0.4783022791
-0.05109667448	0.4854743255
-0.05270254595	0.4926463718
-0.05430841741	0.4998184182
-0.05561948288	0.5073937017
-0.05686852989	0.5150538144
-0.05811757691	0.5227139271
-0.05936662392	0.5303740397
-0.06041872515	0.5382398753
-0.0612498314	0.5463365546
-0.06208093765	0.554433234
-0.06291204389	0.5625299133
-0.06368769735	0.5706687318
-0.06404184973	0.5791278538
-0.06439600212	0.5875869757
-0.06475015451	0.5960460977
-0.0651043069	0.6045052196
-0.06505228933	0.6131664698
-0.06487292019	0.6218910958
-0.06469355106	0.6306157218
-0.06451418192	0.6393403478
-0.06409619458	0.6481244451
-0.06332958129	0.6569954313
-0.06256296801	0.6658664175
-0.06179635472	0.6747374037
-0.06099698641	0.6836087227
-0.05959275802	0.6924861877
-0.05818852964	0.7013636527
-0.05678430125	0.7102411177
-0.05538007286	0.7191185827
-0.05349953309	0.7278903467
-0.05141134895	0.7366160312
-0.04932316481	0.7453417157
-0.04723498066	0.7540674002
-0.04489912758	0.7626820549
-0.04208558236	0.7710825604
-0.03927203714	0.779483066
-0.03645849192	0.7878835716
-0.0336449467	0.7962840772
-0.0300810024	0.8041817805
-0.02650677199	0.8120725916
-0.02293254158	0.8199634027
-0.01935831117	0.8278542139
-0.01528609074	0.8353025463
-0.01092329427	0.8424926934
-0.006560497808	0.8496828405
-0.002197701344	0.8568729876
0.002388405062	0.863816187
0.007558689456	0.8701133722
0.01272897385	0.8764105573
0.01789925824	0.8827077425
0.02306954264	0.8890049277
0.02899171391	0.8943056971
0.0349778615	0.8995216838
0.04096400909	0.9047376705
0.04695015667	0.9099536572
0.0533964687	0.9144557439
0.06019473796	0.9184118035
0.06699300723	0.9223678631
0.07379127649	0.9263239227
0.08075777155	0.9299786175
0.08835084984	0.9325108324
0.09594392813	0.9350430472
0.1035370064	0.9375752621
0.1111300847	0.940107477
0.1193765568	0.9412964194
0.1277323298	0.9422606569
0.1360881028	0.9432248944
0.1444438758	0.9441891319
0.1531583229	0.9443065281
0.1622289754	0.9435829119
0.1712996279	0.9428592957
0.1803702804	0.9421356795
0.1895364585	0.9411508742
0.1992579974	0.9386475834
0.2089795364	0.9361442926
0.2187010754	0.9336410018
0.2284226144	0.931137711
0.2385960526	0.9271771345
0.2488883171	0.9228333669
0.2591805816	0.9184895992
0.2694728461	0.9141458315
0.2799725769	0.9089859416
0.2907397738	0.9027739049
0.3015069707	0.8965618683
0.3122741676	0.8903498316
0.3230712123	0.8839853454
0.3342029885	0.8759111925
0.3453347647	0.8678370395
0.356466541	0.8597628866
0.3675983172	0.8516887336
0.3789054577	0.842290043
0.390278482	0.8323937284
0.4016515063	0.8224974137
0.4130245306	0.812601099
0.4244373399	0.8020540447
0.4359173303	0.7904081483
0.4473973206	0.7787622519
0.458877311	0.7671163555
0.4703566923	0.755442509
0.4818008034	0.7421501304
0.4932449145	0.7288577519
0.5046890256	0.7155653734
0.5161331367	0.7022729949
0.5274550187	0.6879771702
0.5387144969	0.6731690376
0.549973975	0.658360905
0.5612334532	0.6435527724
0.5723896203	0.6283267747
0.5833126318	0.6121577254
0.5942356433	0.595988676
0.6051586547	0.5798196266
0.6160816662	0.5636505773
0.6265396084	0.5463523891
0.636974144	0.5289973722
0.6474086796	0.5116423553
0.6578432152	0.4942873383
0.6678969238	0.476338044
0.6776936841	0.457987784
0.6874904444	0.439637524
0.6972872047	0.421287264
0.7068947022	0.4027449074
0.7159098799	0.383601363
0.7249250576	0.3644578186
0.7339402354	0.3453142742
0.7429554131	0.3261707298
0.7511567825	0.3065084491
0.7592546718	0.2867802082
0.767352561	0.2670519673
0.7754504502	0.2473237265
0.7829934907	0.227396434
0.7900488712	0.2072941939
0.7971042518	0.1871919538
0.8041596323	0.1670897137
0.811010257	0.1469581407
0.8169105225	0.1266904209
0.822810788	0.1064227012
0.8287110535	0.08615498151
0.834611319	0.0658872618
0.8394810382	0.04564991444
0.8441280485	0.02541913078
0.8487750589	0.005188347115
0.8534220692	-0.01504243655
0.8574450213	-0.03516584168
0.8607566657	-0.05516685572
0.86406831	-0.07516786976
0.8673799544	-0.09516888379
0.8705342685	-0.1151238214
0.8724457637	-0.1347147815
0.874357259	-0.1543057417
0.8762687542	-0.1738967018
0.8781802495	-0.193487662
0.8789961102	-0.2126428616
0.8794610366	-0.2316584863
0.8799259631	-0.2506741109
0.8803908896	-0.2696897355
0.8802626791	-0.2884141353
0.8792537462	-0.3067061082
0.8782448132	-0.3249980812
0.8772358802	-0.3432900541
0.8761566142	-0.3615415079
0.8736661599	-0.3789799682
0.8711757056	-0.3964184286
0.8686852512	-0.413856889
0.8661947969	-0.4312953494
0.8626868127	-0.4480663071
0.8587270204	-0.4645408772
0.8547672281	-0.4810154474
0.8508074358	-0.4974900175
0.8463624592	-0.5136087447
0.8409652735	-0.5290291048
0.8355680879	-0.5444494649
0.8301709022	-0.559869825
0.8247737165	-0.575290185
0.8180146256	-0.5896058036
0.8112313899	-0.6039018366
0.8044481541	-0.6181978695
0.7976649184	-0.6324939025
0.7900556907	-0.6460527897
0.7819563759	-0.659174305
0.773857061	-0.6722958203
0.7657577462	-0.6854173355
0.7573234477	-0.6982101915
0.7479955169	-0.7101262865
0.7386675862	-0.7220423815
0.7293396554	-0.7339584765
0.7200117247	-0.7458745716
0.7096352281	-0.7566535594
0.699164679	-0.7673305528
0.6886941299	-0.7780075463
0.6782235808	-0.7886845397
0.6671853699	-0.7986746424
0.6557060431	-0.8081309791
0.6442267163	-0.8175873159
0.6327473895	-0.8270436526
0.6210870733	-0.8362524758
0.6087365918	-0.8445174568
0.5963861103	-0.8527824378
0.5840356288	-0.8610474188
0.5716851473	-0.8693123999
0.5587105572	-0.8765912826
0.5456282356	-0.8836999481
0.5325459139	-0.8908086137
0.5194635922	-0.8979172792
0.5060895322	-0.9044737896
0.4924211892	-0.9104733291
0.4787528463	-0.9164728685
0.4650845034	-0.922472408
0.4513538053	-0.9283217193
0.4372489992	-0.9332697161
0.4231441931	-0.9382177129
0.4090393871	-0.9431657098
0.394934581	-0.9481137066
0.3806044803	-0.9522853386
0.3662137311	-0.956247976
0.3518229819	-0.9602106134
0.3374322327	-0.9641732507
0.3229821104	-0.9677408862
0.3084542207	-0.9707911434
0.2939263309	-0.9738414007
0.2793984412	-0.9768916579
0.2648711335	-0.9798768573
0.2503507089	-0.9820927319
0.2358302843	-0.9843086065
0.2213098596	-0.9865244811
0.206789435	-0.9887403557
0.1923743317	-0.9904117358
0.1779995782	-0.9918745131
0.1636248248	-0.9933372903
0.1492500714	-0.9948000676
0.1349767455	-0.9960161841
0.1208775784	-0.9968087647
0.1067784114	-0.9976013454
0.0926792443	-0.9983939261
0.07858525141	-0.9991788262
0.06488172462	-0.9993841197
0.05117819783	-0.9995894131
0.03747467104	-0.9997947066
0.02377114425	-1
0.0103996853	-0.9998723536
-0.002799266183	-0.9995717467
-0.01599821766	-0.9992711398
-0.02919716914	-0.9989705329
-0.04221379565	-0.9985403348
-0.05481131048	-0.9978122444
-0.06740882531	-0.9970841539
-0.08000634014	-0.9963560635
-0.09260385497	-0.9956279731
-0.1045513353	-0.9945648009
-0.1164632933	-0.9934833175
-0.1283752512	-0.9924018341
-0.1402872092	-0.9913203507
-0.151750376	-0.9900698709
-0.1629058001	-0.9887035077
-0.1740612242	-0.9873371445
-0.1852166483	-0.9859707814
-0.1961780863	-0.9845512728
-0.2065193174	-0.9829618492
-0.2168605486	-0.9813724257
-0.2272017797	-0.9797830021
-0.2375430109	-0.9781935786
-0.2471258909	-0.9764549914
-0.2566085704	-0.9746966954
-0.26609125	-0.9729383994
-0.2755739296	-0.9711801034
-0.2845865094	-0.9693568125
-0.2931793993	-0.9674754963
-0.3017722893	-0.9655941801
-0.3103651792	-0.9637128639
-0.3188006154	-0.9618166512
-0.3264852705	-0.9598494081
-0.3341699257	-0.957882165
-0.3418545808	-0.9559149219
-0.349539236	-0.9539476788
-0.3564755822	-0.9519332058
-0.3632458792	-0.9499082524
-0.3700161761	-0.947883299
-0.376786473	-0.9458583457
-0.3831356092	-0.9438156935
-0.3889971227	-0.9417525496
-0.3948586362	-0.9396894056
-0.4007201497	-0.9376262617
-0.4064848761	-0.9355601974
-0.4114540887	-0.9334701303
-0.4164233013	-0.9313800633
-0.4213925138	-0.9292899962
-0.4263617264	-0.9271999291
-0.4306784925	-0.9250923485
-0.4347818227	-0.9229790386
-0.4388851529	-0.9208657287
-0.4429884831	-0.9187524188
-0.4467607551	-0.9166286249
-0.4500334082	-0.9144890088
-0.4533060614	-0.9123493928
-0.4565787146	-0.9102097767
-0.4598170306	-0.90806863
-0.4623016981	-0.9058938872
-0.4647863656	-0.9037191444
-0.4672710331	-0.9015444016
-0.4697557007	-0.8993696588
-0.4717313306	-0.8971614407
-0.4734767748	-0.8949380852
-0.4752222189	-0.8927147297
-0.4769676631	-0.8904913742
-0.4784842641	-0.8882461261
-0.4795438241	-0.8859571545
-0.4806033841	-0.8836681829
-0.481662944	-0.8813792112
-0.482722504	-0.8790902396
-0.4831659761	-0.8767180862
-0.4835960287	-0.8743441209
-0.4840260812	-0.8719701557
-0.4844561338	-0.8695961904
-0.4845296535	-0.8671563212
-0.484388081	-0.8646766929
-0.4842465085	-0.8621970646
-0.4841049361	-0.8597174364
-0.4838253064	-0.857203772
-0.4831700396	-0.8545974996
-0.4825147728	-0.8519912272
-0.481859506	-0.8493849548
-0.4812042392	-0.8467786824
-0.4801313524	-0.8440380148
-0.4790190655	-0.8412846678
-0.4779067786	-0.8385313207
-0.4767944917	-0.8357779737
-0.4754571692	-0.8329317486
-0.4739421879	-0.8300121992
-0.4724272065	-0.8270926498
-0.4709122251	-0.8241731003
-0.4693255737	-0.8212161701
-0.4674590277	-0.8181132556
-0.4655924818	-0.8150103412
-0.4637259358	-0.8119074268
-0.4618593898	-0.8088045124
-0.4597345854	-0.8055335409
-0.4575638107	-0.8022326551
-0.455393036	-0.7989317692
-0.4532222613	-0.7956308834
-0.4509225522	-0.7922265203
-0.4484907402	-0.7887161373
-0.4460589283	-0.7852057543
-0.4436271163	-0.7816953712
-0.4411644394	-0.7781547605
-0.4385105244	-0.7744268607
-0.4358566095	-0.7706989608
-0.4332026945	-0.766971061
-0.4305487795	-0.7632431611
-0.427748015	-0.7593414439
-0.4249067926	-0.7553918388
-0.4220655702	-0.7514422338
-0.4192243478	-0.7474926288
-0.41631606	-0.7434478416
-0.4133185219	-0.7392763863
-0.4103209839	-0.7351049311
-0.4073234458	-0.7309334759
-0.4043163819	-0.7267458825
-0.4011902448	-0.7223565603
-0.3980641077	-0.7179672381
-0.3949379707	-0.713577916
-0.3918118336	-0.7091885938
-0.38861127	-0.7046483979
-0.3853816348	-0.7000492693
-0.3821519997	-0.6954501407
-0.3789223645	-0.6908510121
-0.3756634916	-0.6861798316
-0.3723535651	-0.6813828369
-0.3690436385	-0.6765858423
-0.365733712	-0.6717888477
-0.3624232506	-0.6669901786
-0.3590550585	-0.6620107892
-0.3556868665	-0.6570313999
-0.3523186744	-0.6520520106
-0.3489504824	-0.6470726212
-0.3455582039	-0.6419856315
-0.3421531945	-0.6368417699
-0.3387481852	-0.6316979083
-0.3353431759	-0.6265540467
-0.3319337279	-0.6213667414
-0.3285138863	-0.6160777053
-0.3250940448	-0.6107886692
-0.3216742032	-0.6054996331
-0.3182543616	-0.600210597
-0.3148421765	-0.5948089457
-0.3114304432	-0.5894006501
-0.30801871	-0.5839923544
-0.3046069767	-0.5785840588
-0.3012136862	-0.5731192905
-0.2978332478	-0.5676151684
-0.2944528095	-0.5621110463
-0.2910723712	-0.5566069243
-0.2877049812	-0.5510858359
-0.2843802198	-0.5455093189
-0.2810554585	-0.5399328018
-0.2777306972	-0.5343562848
-0.2744059358	-0.5287797678
-0.2711526498	-0.5231595179
-0.2679091664	-0.5175332701
-0.2646656829	-0.5119070223
-0.2614221995	-0.5062807746
-0.258235301	-0.5006395532
-0.2550997157	-0.4949847534
-0.2519641304	-0.4893299535
-0.248828545	-0.4836751536
-0.2457158529	-0.4780187444
-0.242715359	-0.4723544484
-0.239714865	-0.4666901523
-0.2367143711	-0.4610258562
-0.2337138771	-0.4553615602
-0.2308454816	-0.4497029155
-0.2280071712	-0.4440455578
-0.2251688607	-0.4383882002
-0.2223305502	-0.4327308426
-0.2195787777	-0.427082884
-0.2169287832	-0.4214459797
-0.2142787888	-0.4158090754
-0.2116287943	-0.4101721711
-0.2090010235	-0.4045385082
-0.2065635505	-0.3989326017
-0.2041260774	-0.3933266952
-0.2016886044	-0.3877207887
-0.1992511313	-0.3821148821
-0.1969889047	-0.3765380416
-0.1947852161	-0.37097091
-0.1925815275	-0.3654037784
-0.1903778389	-0.3598366468
-0.1882732445	-0.3542869571
-0.1863206545	-0.3487640224
-0.1843680645	-0.3432410877
-0.1824154745	-0.337718153
-0.1804733403	-0.3321971149
-0.1787842658	-0.3267219797
-0.1770951913	-0.3212468445
-0.1754061168	-0.3157717093
-0.1737170422	-0.3102965741
-0.1722129908	-0.3048557821
-0.170794136	-0.2994308039
-0.1693752812	-0.2940058256
-0.1679564263	-0.2885808474
-0.1666268026	-0.2831729597
-0.1654785507	-0.2777998105
-0.1643302989	-0.2724266612
-0.163182047	-0.2670535119
-0.1620337952	-0.2616803626
-0.1611432046	-0.2563592104
-0.1602592791	-0.2510394031
-0.1593753536	-0.2457195959
-0.1584914281	-0.2403997887
-0.1577632918	-0.2351141795
-0.157130712	-0.2298495465
-0.1564981323	-0.2245849134
-0.1558655526	-0.2193202803
-0.1552943994	-0.2140709345
-0.1548937442	-0.2088640206
-0.1544930891	-0.2036571068
-0.1540924339	-0.1984501929
-0.1536917788	-0.193243279
-0.1534791361	-0.1880920762
-0.1532851128	-0.1829463907
-0.1530910895	-0.1778007051
-0.1528970662	-0.1726550195
-0.1528008922	-0.1675458225
-0.1527831973	-0.1624658908
-0.1527655024	-0.157385959
-0.1527478075	-0.1523060273
-0.1527585321	-0.1472403184
-0.1528829614	-0.1422315144
-0.1530073908	-0.1372227104
-0.1531318201	-0.1322139063
-0.1532562495	-0.1272051023
-0.1534696647	-0.122261354
-0.153699403	-0.1173295391
-0.1539291413	-0.1123977242
-0.1541588796	-0.1074659094
-0.1544215816	-0.1025746958
-0.1547185881	-0.09772573487
-0.1550155946	-0.09287677397
-0.1553126011	-0.08802781307
-0.1556135782	-0.08319076438
-0.1559399818	-0.07842999686
-0.1562663853	-0.07366922934
-0.1565927889	-0.06890846182
-0.1569191925	-0.0641476943
-0.1572401439	-0.05945907586
-0.1575595584	-0.05479079474
-0.1578789729	-0.05012251361
-0.1581983874	-0.04545423249
-0.1585004867	-0.04082644072
-0.158779173	-0.03625339723
-0.1590578593	-0.03168035374
-0.1593365456	-0.02710731025
-0.1596102601	-0.02254100251
-0.1598180986	-0.01806394296
-0.1600259371	-0.01358688341
-0.1602337756	-0.009109823854
-0.160441614	-0.004632764302
-0.1605803829	-0.00022315988
-0.160691649	0.004159584726
-0.1608029151	0.008542329331
-0.1609141812	0.01292507394
-0.1609831867	0.01727542465
-0.1609771427	0.02156824792
-0.1609710987	0.0258610712
-0.1609650546	0.03015389447
-0.1609583099	0.03444628116
-0.160819616	0.03865645872
-0.160680922	0.04286663629
-0.1605422281	0.04707681385
-0.1604035341	0.05128699141
-0.160172256	0.05545001131
-0.1598911946	0.05958767411
-0.1596101331	0.0637253369
-0.1593290716	0.0678629997
-0.1590047631	0.07198301183
-0.1585772771	0.07606091351
-0.158149791	0.08013881519
-0.157722305	0.08421671687
-0.1572948189	0.08829461855
-0.1567310027	0.09233038413
-0.1561585446	0.09636347872
-0.1555860865	0.1003965733
-0.1550136284	0.1044296679
-0.1543601763	0.1084462455
-0.1536493673	0.1124511264
-0.1529385583	0.1164560073
-0.1522277494	0.1204608882
-0.1514876578	0.1244633219
-0.1506497875	0.128457584
-0.1498119172	0.1324518462
-0.1489740469	0.1364461083
-0.1481361765	0.1404403704
-0.1472004952	0.1444410306
-0.1462509042	0.1484426007
-0.1453013132	0.1524441709
-0.1443517222	0.156445741
-0.1433537146	0.1604602596
-0.1423111099	0.1644867053
-0.1412685052	0.1685131511
-0.1402259005	0.1725395968
-0.1391714297	0.1765728937
-0.1380571559	0.1806407194
-0.1369428822	0.1847085452
-0.1358286084	0.1887763709
-0.1347143346	0.1928441967
-0.1335607949	0.1969575274
-0.1323980807	0.2010814904
-0.1312353666	0.2052054533
-0.1300726524	0.2093294163
-0.1288989564	0.2134846117
-0.1277121403	0.2176771211
-0.1265253241	0.2218696306
-0.125338508	0.22606214
-0.124151749	0.2302625161
-0.1229655004	0.2345331659
-0.1217792519	0.2388038157
-0.1205930034	0.2430744655
-0.1194067548	0.2473451153
-0.1182389964	0.2516788604
-0.1170775433	0.2560341214
-0.1159160902	0.2603893823
-0.1147546371	0.2647446432
-0.1136118837	0.2691342157
-0.1124982872	0.2735772874
-0.1113846907	0.2780203591
-0.1102710942	0.2824634308
-0.1091600168	0.2869096851
-0.1081168244	0.2914417063
-0.1070736319	0.2959737274
-0.1060304395	0.3005057485
-0.1049872471	0.3050377696
-0.1040048941	0.3096275221
-0.1030510643	0.3142443404
-0.1020972344	0.3188611587
-0.1011434045	0.3234779771
-0.1002235973	0.3281199126
-0.09937417916	0.3328138128
-0.09852476097	0.3375077129
-0.09767534279	0.3422016131
-0.0968259246	0.3468955132
-0.09608986611	0.3516544503
-0.09535720681	0.3564153375
-0.09462454752	0.3611762247
-0.09389188822	0.3659371119
-0.09323647959	0.3707311559
-0.09262924295	0.3755458759
-0.09202200632	0.3803605959
-0.09141476969	0.3851753158
-0.09084149243	0.3899999051
-0.09036438919	0.3948524443
-0.08988728596	0.3997049836
-0.08941018272	0.4045575229
-0.08893307948	0.4094100622
-0.08857438198	0.414280015
-0.0882279703	0.4191517747
-0.08788155862	0.4240235344
-0.08753514695	0.4288952941
-0.08725871022	0.4337661572
-0.08703928807	0.4386362896
-0.08681986593	0.4435064221
-0.08660044378	0.4483765545
-0.08640435904	0.4532419146
-0.08630396588	0.4580877061
-0.08620357271	0.4629334977
-0.08610317955	0.4677792892
-0.08600278639	0.4726250807
-0.08599234991	0.4774300637
-0.08599890792	0.4822273372
-0.08600546594	0.4870246108
-0.08601202395	0.4918218843
-0.08606284408	0.4965833088
-0.08616045094	0.5013068397
-0.08625805779	0.5060303706
-0.08635566465	0.5107539014
-0.08646268762	0.515464371
-0.08663207926	0.520088328
-0.08680147089	0.5247122849
-0.08697086252	0.5293362419
-0.08714025416	0.5339601988
-0.08734828415	0.5384867156
-0.0875674542	0.542985139
-0.08778662425	0.5474835623
-0.08800579429	0.5519819856
-0.08823582362	0.55641675
-0.08848077281	0.5607640514
-0.088725722	0.5651113529
-0.0889706712	0.5694586543
-0.089215662	0.5737942999
-0.08946123904	0.5779657385
-0.08970681608	0.5821371772
-0.08995239311	0.5863086158
-0.09019797015	0.5904800544
-0.09042592193	0.5945096906
-0.0906467205	0.5984817764
-0.09086751908	0.6024538622
-0.09108831765	0.606425948
-0.09129146069	0.6103191816
-0.09146271365	0.6140699896
-0.09163396662	0.6178207975
-0.09180521959	0.6215716054
-0.09197637168	0.6253220791
-0.09207478455	0.6288314803
-0.09217319743	0.6323408816
-0.0922716103	0.6358502828
-0.09237002318	0.6393596841
-0.09240770809	0.6427012932
-0.09241217597	0.6459511232
-0.09241664385	0.6492009532
-0.09242111173	0.6524507832
-0.09239285195	0.6556202733
-0.09228502962	0.6585944528
-0.09217720728	0.6615686323
-0.09206938494	0.6645428118
-0.0919615626	0.6675169913
-0.09173436947	0.6702200039
-0.09149908118	0.6729046271
-0.09126379288	0.6755892504
-0.09102850459	0.6782738736
-0.09071225613	0.6807833245
-0.09033774791	0.6831667195
-0.08996323969	0.6855501146
-0.08958873148	0.6879335096
-0.0891808161	0.6902465252
-0.08865885569	0.6923192803
-0.08813689529	0.6943920355
-0.08761493489	0.6964647906
-0.08709297449	0.6985375457
-0.08643835906	0.700333292
-0.0857642012	0.70208823
-0.08509004335	0.703843168
-0.08441588549	0.705598106
-0.08366236667	0.7071862445
-0.08283459717	0.7086183241
-0.08200682767	0.7100504037
-0.08117905816	0.7114824834
-0.08032672199	0.7128618683
-0.07934699618	0.7139680069
-0.07836727038	0.7150741455
-0.07738754458	0.7161802841
-0.07640781877	0.7172864228
-0.07530904322	0.7181285281
-0.07418174209	0.7189073683
-0.07305444095	0.7196862084
-0.07192713981	0.7204650486
-0.0707362007	0.7210960903
-0.06946802671	0.7215477548
-0.06819985272	0.7219994193
-0.06693167873	0.7224510838
-0.06565070349	0.7228712202
-0.06425025241	0.7229971004
-0.06284980133	0.7231229806
-0.06144935025	0.7232488607
-0.06004889916	0.7233747409
-0.05855778952	0.7232608076
-0.05703512606	0.7230634069
-0.0555124626	0.7228660062
-0.05398979914	0.7226686055
-0.05242416411	0.7223474991
-0.05079041912	0.7218303192
-0.04915667414	0.7213131393
-0.04752292915	0.7207959594
-0.04588601966	0.7202687244
-0.04415302007	0.7194361674
-0.04242002047	0.7186036105
-0.04068702088	0.7177710536
-0.03895402128	0.7169384967
-0.03716210341	0.7158959793
-0.03534206485	0.7147532513
-0.03352202628	0.7136105233
-0.03170198771	0.7124677953
-0.02985791168	0.7112271144
-0.02796321189	0.7097801413
-0.02606851211	0.7083331681
-0.02417381233	0.7068861949
-0.02227911254	0.7054392217
-0.02032420069	0.7037044235
-0.01836723334	0.7019597996
-0.016410266	0.7002151757
-0.01445329865	0.6984705518
-0.01246575708	0.6965481977
-0.01045883389	0.6945131768
-0.008451910702	0.692478156
-0.006444987511	0.6904431351
-0.004428349708	0.6883355036
-0.002383635365	0.6860180177
-0.0003389210214	0.6837005318
0.001705793322	0.6813830459
0.003750507666	0.6790655599
0.005818515228	0.676501059
0.007889050791	0.6739097496
0.009959586353	0.6713184402
0.01203012192	0.6687271309
0.01410835299	0.6659911384
0.01619295375	0.6631353897
0.0182775545	0.660279641
0.02036215526	0.6574238924
0.02244724092	0.6545192769
0.024534365	0.6514092352
0.02662148909	0.6482991935
0.02870861317	0.6451891518
0.03079573725	0.6420791101
0.03287547353	0.6387652935
0.03495377322	0.6354118522
0.03703207291	0.6320584109
0.0391103726	0.6287049695
0.04117902598	0.6252397455
0.04323732245	0.6216545045
0.04529561892	0.6180692634
0.04735391539	0.6144840224
0.04940826143	0.610870841
0.05143551904	0.6070660711
0.05346277665	0.6032613012
0.05549003426	0.5994565312
0.05751729187	0.5956517613
0.05951210943	0.5916872192
0.06149736309	0.5876755733
0.06348261675	0.5836639274
0.06546787041	0.5796522816
0.06743056059	0.5755584776
0.0693617499	0.5713499727
0.07129293922	0.5671414678
0.07322412853	0.562932963
0.07515135996	0.5587133753
0.07701910181	0.5543272066
0.07888684367	0.5499410378
0.08075458552	0.545554869
0.08262232737	0.5411687003
0.0844382248	0.5366677435
0.08623267962	0.5321193108
0.08802713443	0.5275708782
0.08982158925	0.5230224456
0.09158698206	0.5184225615
0.09329898015	0.5137281474
0.09501097823	0.5090337332
0.09672297632	0.5043393191
0.0984349744	0.4996449049
0.1000564142	0.4948219922
0.1016776259	0.4899987558
0.1032988376	0.4851755194
0.1049200493	0.4803522829
0.1064782112	0.4754578498
0.1080012943	0.4705238053
0.1095243775	0.4655897607
0.1110474607	0.4606557162
0.1125405251	0.455695226
0.1139592164	0.4506692152
0.1153779076	0.4456432043
0.1167965989	0.4406171935
0.1182152902	0.4355911827
0.1195318141	0.4304977326
0.1208409536	0.4253994081
0.1221500931	0.4203010835
0.1234592325	0.415202759
0.124702715	0.4100744779
0.1258981881	0.4049242921
0.1270936612	0.3997741063
0.1282891343	0.3946239206
0.1294585853	0.3894669154
0.1305371915	0.3842861035
0.1316157977	0.3791052916
0.1326944039	0.3739244796
0.1337730101	0.3687436677
0.1347480462	0.363555354
0.1357072907	0.3583658965
0.1366665353	0.3531764391
0.1376257799	0.3479869816
0.1385227703	0.3428047156
0.1393605992	0.337629284
0.1401984281	0.3324538523
0.141036257	0.3272784207
0.1418546274	0.3221088759
0.1425691231	0.3169707569
0.1432836187	0.3118326379
0.1439981144	0.3066945188
0.1447126101	0.3015563998
0.1453264215	0.2964673418
0.145915502	0.2913903347
0.1465045826	0.2863133275
0.1470936631	0.2812363203
0.14762545	0.2761975062
0.148086598	0.2712057814
0.1485477461	0.2662140566
0.1490088942	0.2612223318
0.1494578659	0.2562407905
0.1497879131	0.2513587086
0.1501179604	0.2464766267
0.1504480077	0.2415945448
0.1507780549	0.2367124629
0.151008428	0.23192924
0.1512033997	0.2271811291
0.1513983714	0.2224330181
0.151593343	0.2176849072
0.1517347269	0.2129973077
0.1517897641	0.208407211
0.1518448013	0.2038171143
0.1518998385	0.1992270175
0.1519507991	0.1946420007
0.1518601641	0.1902334259
0.151769529	0.1858248511
0.151678894	0.1814162764
0.151588259	0.1770077016
0.151395204	0.1727366218
0.1511523895	0.1685323425
0.150909575	0.1643280632
0.1506667604	0.1601237839
0.1503733024	0.1559914556
0.1499712596	0.1520133977
0.1495692168	0.1480353397
0.149167174	0.1440572818
0.1487651312	0.1400792239
0.1482027625	0.1363393014
0.1476342497	0.1326085049
0.1470657368	0.1288777084
0.146497224	0.1251469119
0.1458232267	0.1215787288
0.1450812562	0.1181153325
0.1443392856	0.1146519363
0.143597315	0.11118854
0.1428098571	0.1077976969
0.1418882106	0.1046208876
0.1409665641	0.1014440782
0.1400449175	0.09826726878
0.139123271	0.0950904594
0.1380358482	0.09218733668
0.1369296364	0.08931523357
0.1358234246	0.08644313045
0.1347172127	0.08357102734
0.1335091207	0.08087362446
0.1322153649	0.07832311437
0.1309216091	0.07577260428
0.1296278533	0.07322209419
0.1282986947	0.07073504327
0.1268168957	0.06852159881
0.1253350968	0.06630815434
0.1238532979	0.06409470988
0.122371499	0.06188126542
0.120735069	0.05996026878
0.1190677066	0.05809777362
0.1174003441	0.05623527847
0.1157329817	0.05437278331
0.1139796501	0.05268396337
0.1121325639	0.05118454679
0.1102854778	0.0496851302
0.1084383916	0.04818571362
0.106570295	0.04673235162
0.1045529123	0.04560622103
0.1025355297	0.04448009044
0.1005181471	0.04335395985
0.09850076442	0.04222782926
0.09636256709	0.04139476527
0.09418795794	0.04065002735
0.09201334879	0.03990528943
0.08983873964	0.03916055151
0.08760598084	0.03857589546
0.0852907258	0.03821834566
0.08297547077	0.03786079585
0.08066021574	0.03750324605
0.07833789282	0.03716852783
0.07590178374	0.03720137618
0.07346567465	0.03723422453
0.07102956556	0.03726707288
0.06859345648	0.03729992123
0.06608819473	0.03760761894
0.06355379019	0.03803114559
0.06101938565	0.03845467224
0.05848498111	0.03887819889
0.05592495034	0.03943684172
0.05331702423	0.04024801623
0.05070909813	0.04105919074
0.04810117202	0.04187036525
0.04549324591	0.04268153976
0.042838452	0.04387120621
0.0401833557	0.04506331464
0.0375282594	0.04625542306
0.0348731631	0.04744753149
0.0322053415	0.04887606559
0.02953031913	0.05043838447
0.02685529675	0.05200070336
0.02418027437	0.05356302225
0.02150738541	0.05522610065
0.01883988406	0.05714363108
0.01617238271	0.05906116151
0.01350488136	0.06097869193
0.01083738001	0.06289622236
0.008201962447	0.0651255576
0.005569008224	0.06737883273
0.002936054	0.06963210786
0.0003030997769	0.07188538299
-0.002295072562	0.07431750001
-0.004867402834	0.07688249207
-0.007439733105	0.07944748412
-0.01001206338	0.08201247618
-0.01256572504	0.08463941963
-0.01505271985	0.08748759567
-0.01753971465	0.09033577171
-0.02002670946	0.09318394775
-0.02251370426	0.09603212379
-0.02490709906	0.09909657807
-0.02728573581	0.1021951333
-0.02966437255	0.1052936885
-0.03204300929	0.1083922437
-0.03435576168	0.1115995401
-0.0366049185	0.1149118001
-0.03885407533	0.1182240601
-0.04110323215	0.1215363201
-0.04332920862	0.1248755497
-0.04542772035	0.1283630805
-0.04752623208	0.1318506113
-0.04962474381	0.1353381421
-0.05172325554	0.1388256729
-0.05368734002	0.1424176703
-0.05561758833	0.1460359626
-0.05754783663	0.149654255
-0.05947808494	0.1532725473
-0.06132770566	0.156928019
-0.06307633783	0.1606300591
-0.06482497001	0.1643320992
-0.06657360218	0.1680341393
-0.06830488775	0.1717395109
-0.06985857188	0.1754789915
-0.07141225601	0.1792184721
-0.07296594014	0.1829579527
-0.07451962427	0.1866974333
-0.07592166023	0.1904299511
-0.07726874379	0.1941599459
-0.07861582736	0.1978899406
-0.07996291092	0.2016199354
-0.08122787651	0.2053285896
-0.08235831954	0.2090022846
-0.08348876257	0.2126759796
-0.0846192056	0.2163496745
-0.08574422735	0.2200209061
-0.08664960258	0.2235923312
-0.0875549778	0.2271637562
-0.08846035302	0.2307351813
-0.08936572824	0.2343066064
-0.09011600226	0.2377798742
-0.0907895797	0.2412046038
-0.09146315713	0.2446293334
-0.09213673457	0.2480540631
-0.09273597208	0.25141943
-0.09317291755	0.2546552016
-0.09360986303	0.2578909732
-0.09404680851	0.2611267449
-0.09448375399	0.2643625165
-0.09469117695	0.2673790631
-0.09488883557	0.2703862834
-0.09508649418	0.2733935037
-0.0952841528	0.276400724
-0.09533713785	0.2792477691
-0.09529536169	0.2819898993
-0.09525358553	0.2847320296
-0.09521180937	0.2874741598
-0.09511101416	0.2901419357
-0.09483246579	0.2925857716
-0.09455391742	0.2950296076
-0.09427536905	0.2974734435
-0.09399682068	0.2999172795
-0.09351165026	0.3020678102
-0.09300205872	0.3041836746
-0.09249246719	0.306299539
-0.09198287565	0.3084154034
-0.09135350627	0.3103403357
-0.0906218309	0.312102187
-0.08989015554	0.3138640383
-0.08915848018	0.3156258895
-0.08838811826	0.3173183479
-0.08744661385	0.3187038242
-0.08650510945	0.3200893004
-0.08556360504	0.3214747767
-0.08462210063	0.322860253
-0.08351941668	0.3239180644
-0.08238358129	0.3249084815
-0.08124774589	0.3258988986
-0.0801119105	0.3268893158
-0.07889268937	0.3276851542
-0.07758109892	0.328265451
-0.07626950847	0.3288457478
-0.07495791802	0.3294260446
-0.07362788209	0.32995596
-0.0721619083	0.3301145786
-0.07069593452	0.3302731972
-0.06922996073	0.3304318159
-0.06776398695	0.3305904345
-0.06619816417	0.3304203755
-0.06460158585	0.330149077
-0.06300500754	0.3298777785
-0.06140842922	0.3296064801
-0.05976888778	0.3291570057
-0.05806740612	0.3284506539
-0.05636592446	0.3277443021
-0.0546644428	0.3270379503
-0.05295871312	0.3263077289
-0.05117940762	0.3251640849
-0.04940010212	0.324020441
-0.04762079662	0.3228767971
-0.04584149111	0.3217331531
-0.04402725499	0.3202839151
-0.04219802155	0.3187034714
-0.04036878811	0.3171230278
-0.03853955467	0.3155425841
-0.03670282093	0.3138126636
-0.03485182581	0.3117985215
-0.03300083069	0.3097843795
-0.03114983557	0.3077702374
-0.02929884045	0.3057560953
-0.02745393342	0.3033182796
-0.0256090898	0.300876051
-0.02376424618	0.2984338225
-0.02191940256	0.2959915939
-0.02009569728	0.2932827305
-0.01828415669	0.290420424
-0.01647261609	0.2875581176
-0.0146610755	0.2846958112
-0.01286609216	0.2817188494
-0.01111373474	0.2784467124
-0.009361377317	0.2751745754
-0.007609019897	0.2719024385
-0.005856662477	0.2686303015
-0.004181320323	0.2649905238
-0.002512240794	0.2613208509
-0.0008402779585	0.2567701041
0.0008190591478	0.2518722302
0.002402994721	0.2467946276
0.003926818804	0.2415930765
0.005435362089	0.2364311253
0.006928624577	0.231308774
0.008380800683	0.2261496364
0.009724139644	0.2207531654
0.01105341093	0.2153998853
0.01236861453	0.210089796
0.01366975046	0.2048228977
0.01484322129	0.1993153467
0.01598539034	0.1938079241
0.01711486067	0.188347113
0.01823163228	0.1829329134
0.01926453872	0.1774109432
0.02021609492	0.171786658
0.02115644383	0.1662122197
0.02208558546	0.1606876283
0.02298161982	0.1551707783
0.02374323159	0.1494668788
0.02449521469	0.1438158613
0.02523756914	0.1382177257
0.02597029493	0.132672472
0.02657680284	0.1269784172
0.02714508283	0.1212877715
0.02770536362	0.1156528266
0.0282576452	0.1100735823
0.02873827666	0.1044499618
0.02913109775	0.09875655671
0.02951756332	0.09312143664
0.02989767339	0.0875446016
0.03025955968	0.08200900776
0.03048834807	0.07634968654
0.03071240294	0.07075097964
0.03093172429	0.06521288707
0.03114631212	0.05973540882
0.03126070757	0.05419353314
0.03133643855	0.04866783621
0.0314090018	0.04320480416
0.03147839733	0.03780443699
0.03149945773	0.03241337121
0.03144313659	0.02699728967
0.031385125	0.02164561833
0.03132542295	0.01635835719
0.03126184911	0.01113324012
0.03109141755	0.005863276711
0.03092065454	0.0006591353637
0.03074956009	-0.00447918392
0.0305781342	-0.00955168114
0.03034419584	-0.01461213397
0.03007964415	-0.01963295423
0.02981597497	-0.02458690253
0.02955318829	-0.02947397888
0.02926696244	-0.03430956019
0.02892823443	-0.03911202098
0.02859143414	-0.043846949
0.02825656157	-0.04851434425
0.02792361672	-0.05311420673
0.02753330146	-0.05766368124
0.02714297607	-0.06214618327
0.02675543458	-0.06656090498
0.02637067698	-0.07090784638
0.02596117112	-0.07517914522
0.02553664028	-0.07937757813
0.02511554386	-0.08350841649
0.02469788185	-0.08757166031
0.02427639325	-0.09155665315
0.02383627671	-0.09544167219
0.02340002659	-0.09925973071
0.02296764289	-0.1030108287
0.0225391256	-0.1066949662
0.02210245609	-0.1102480067
0.02166836696	-0.113727224
0.02123834877	-0.1171405721
0.02081240151	-0.1204880511
0.02039170946	-0.1237148937
0.01997608933	-0.1268295767
0.01956450557	-0.1298799888
0.01915695819	-0.1328661298
0.01875651407	-0.1357652747
0.01837387118	-0.1384981525
0.01799499058	-0.1411687903
0.01761987226	-0.1437771881
0.01724851623	-0.1463233459
0.01690577685	-0.1486857902
0.01657159144	-0.1509625756
0.01624066229	-0.1531795941
0.01591298942	-0.1553368458
0.01560837478	-0.1573559043
0.01532875933	-0.1592290824
0.01505166828	-0.1610453922
0.01477710162	-0.1628048338
0.01451113894	-0.1644862387
0.01429369272	-0.1659506359
0.01407782315	-0.1673614648
0.01386353022	-0.1687187254
0.01365081394	-0.1700224178
0.01348601808	-0.1711245139
0.01333637234	-0.1721296865
0.01318715362	-0.1730849627
0.01303836194	-0.1739903427
0.01291758816	-0.1747628637
0.01283672937	-0.1753667525
0.01275496395	-0.1759247552
0.01267229192	-0.1764368718
0.01259242913	-0.1768923982
0.01258046728	-0.1771038285
0.01256610271	-0.1772736825
0.0125493354	-0.1774019602
0.01253016537	-0.1774886614
0.01256143712	-0.1773860774
0.01261203292	-0.1771811872
0.01265859252	-0.1769392863
0.01270111593	-0.1766603749
0.01276601888	-0.1762720815
0.01287682248	-0.1757099651
0.01298184784	-0.1751156108
0.01308109498	-0.1744890186
0.01317456389	-0.1738301884
0.01333752775	-0.172935228
0.01349399299	-0.1720099811
0.01364286195	-0.1710574207
0.01378413464	-0.170077547
0.01396468862	-0.168943789
0.01416356487	-0.1677127368
0.01435298708	-0.1664593872
0.01453295524	-0.1651837403
0.01472294733	-0.163832934
0.01495342893	-0.1623242866
0.0151725984	-0.1607983845
0.01538045576	-0.1592552278
0.01557700099	-0.1576948164
0.01582163001	-0.1559536556
0.01605830363	-0.1541860003
0.0162818483	-0.1524060914
0.01649226401	-0.150613929
0.01672241277	-0.1487168278
0.01696328004	-0.1467402127
0.01718928502	-0.1447562328
0.01740042771	-0.1427648881
0.01760739575	-0.1407349144
0.01783849917	-0.1385834975
0.01805313207	-0.1364294202
0.01825129446	-0.1342726825
0.01843298634	-0.1321132846
0.01863404521	-0.1298407981
0.01882332222	-0.127551204
0.01899468507	-0.1252633979
0.01914813376	-0.1229773798
0.01930048855	-0.1206373767
0.01945074625	-0.1182467151
0.01958184643	-0.1158619642
0.0196937891	-0.1134831241
0.01979027316	-0.1110965637
0.01988864176	-0.1086383704
0.01996684	-0.1061898204
0.02002486786	-0.1037509138
0.02006272536	-0.1013216505
0.02009392758	-0.0988435352
0.02010784799	-0.0963625611
0.02010083876	-0.0938945166
0.02007289988	-0.09143940169
0.02002842139	-0.08897221935
0.01996833608	-0.08648765822
0.01988683012	-0.08401882244
0.01978390353	-0.08156571202
0.01965988275	-0.07912490833
0.01951801834	-0.07666237032
0.01935451594	-0.07421783381
0.01916937556	-0.0717912988
0.01896259718	-0.06938276529
0.01873358004	-0.06697196021
0.01848274305	-0.06457301976
0.01821031977	-0.06219382555
0.01791631021	-0.05983437758
0.0175991234	-0.05748833606
0.01725786581	-0.0551521403
0.01689532802	-0.05283691053
0.01651151005	-0.05054264675
0.016106307	-0.04826920839
0.01567376336	-0.04600861338
0.01522047602	-0.04376970341
0.01474644499	-0.04155247849
0.01425167027	-0.03935693861
0.01373153213	-0.03718145552
0.0131888953	-0.03502703892
0.01262625009	-0.03289456653
0.0120435965	-0.03078403835
0.01143887196	-0.02869578823
0.01081005548	-0.02663014327
0.01016212829	-0.02458629723
0.009495090393	-0.02256425011
0.008808941779	-0.0205640019
0.008098821783	-0.01858784639
0.007370339736	-0.0166331365
0.006623768771	-0.01469974333
0.005859108887	-0.01278766689
0.00507437517	-0.01089823566
0.00427109496	-0.009030427409
0.003450835156	-0.007183193414
0.002613595758	-0.005356533675
0.00175909546	-0.003550670537
0.0008874550401	-0.001765508537
4.069648464e-17	-7.980018102e-17
