0	-0.2143	0.05136
0.04885	-0.2199	0.06268
0.0977	-0.225	0.07285
0.1466	-0.2297	0.08193
0.1954	-0.234	0.08996
0.2443	-0.2377	0.09699
0.2931	-0.241	0.103
0.342	-0.2437	0.1082
0.3908	-0.2459	0.1124
0.4397	-0.2475	0.1158
0.4885	-0.2486	0.1184
0.5374	-0.2491	0.1201
0.5862	-0.2491	0.1212
0.6351	-0.2485	0.1215
0.6839	-0.2474	0.1212
0.7328	-0.2456	0.1203
0.7816	-0.2434	0.1188
0.8305	-0.2405	0.1168
0.8793	-0.2371	0.1144
0.9282	-0.233	0.1115
0.977	-0.2283	0.1084
1.026	-0.223	0.1049
1.075	-0.2171	0.1012
1.124	-0.2105	0.0973
1.172	-0.2033	0.0932
1.221	-0.1954	0.08896
1.27	-0.1869	0.08459
1.319	-0.1777	0.08012
1.368	-0.168	0.07555
1.417	-0.1578	0.0709
1.466	-0.147	0.06618
1.514	-0.1359	0.0614
1.563	-0.1243	0.05657
1.612	-0.1124	0.0517
1.661	-0.1003	0.04681
1.71	-0.08809	0.0419
1.759	-0.07581	0.03699
1.808	-0.06358	0.0321
1.856	-0.05149	0.02724
1.905	-0.03963	0.02244
1.954	-0.0281	0.01773
2.003	-0.01696	0.01311
2.052	-0.006309	0.008617
2.101	0.003794	0.004282
2.149	0.01328	0.0001339
2.198	0.02209	-0.003791
2.247	0.03019	-0.007461
2.296	0.03754	-0.01084
2.345	0.04413	-0.01389
2.394	0.04993	-0.01659
2.443	0.05493	-0.01889
2.491	0.05913	-0.02078
2.54	0.06251	-0.02223
2.589	0.06509	-0.02323
2.638	0.06687	-0.02379
2.687	0.06787	-0.0239
2.736	0.0681	-0.0236
2.785	0.06757	-0.0229
2.833	0.06634	-0.02184
2.882	0.06442	-0.02046
2.931	0.06188	-0.01881
2.98	0.05877	-0.01694
3.029	0.05515	-0.01491
3.078	0.05109	-0.01275
3.127	0.04669	-0.01054
3.175	0.04202	-0.008301
3.224	0.03718	-0.006089
3.273	0.03224	-0.003937
3.322	0.0273	-0.001879
3.371	0.02244	6.204e-05
3.42	0.01772	0.001866
3.468	0.01321	0.003521
3.517	0.008954	0.005021
3.566	0.004992	0.006367
3.615	0.001345	0.007563
3.664	-0.001979	0.008618
3.713	-0.004985	0.009544
3.762	-0.00769	0.01035
3.81	-0.01012	0.01106
3.859	-0.01232	0.01168
3.908	-0.01433	0.01223
3.957	-0.01621	0.01272
4.006	-0.01801	0.01316
4.055	-0.01977	0.01356
4.104	-0.02157	0.01394
4.152	-0.02344	0.0143
4.201	-0.02544	0.01465
4.25	-0.02758	0.015
4.299	-0.02991	0.01536
4.348	-0.03244	0.01573
4.397	-0.03518	0.01612
4.446	-0.03811	0.01653
4.494	-0.04123	0.01697
4.543	-0.04453	0.01744
4.592	-0.04796	0.01793
4.641	-0.05151	0.01844
4.69	-0.05514	0.01896
4.739	-0.0588	0.01947
4.787	-0.06246	0.01995
4.836	-0.06608	0.02037
4.885	-0.06962	0.02071
4.934	-0.07303	0.02093
4.983	-0.07627	0.021
5.032	-0.07931	0.02087
5.081	-0.08209	0.02052
5.129	-0.0846	0.01992
5.178	-0.08678	0.01903
5.227	-0.0886	0.01786
5.276	-0.09002	0.01638
5.325	-0.09102	0.0146
5.374	-0.09157	0.01254
5.423	-0.09164	0.01022
5.471	-0.09122	0.007667
5.52	-0.09029	0.004936
5.569	-0.08885	0.002071
5.618	-0.08691	-0.0008725
5.667	-0.08448	-0.003836
5.716	-0.08159	-0.006758
5.765	-0.07826	-0.009582
5.813	-0.07453	-0.01225
5.862	-0.07045	-0.01471
5.911	-0.06606	-0.01692
5.96	-0.06142	-0.01884
6.009	-0.05659	-0.02044
6.058	-0.05164	-0.0217
6.106	-0.04661	-0.02262
6.155	-0.04158	-0.02318
6.204	-0.03661	-0.02339
6.253	-0.03175	-0.02328
6.302	-0.02705	-0.02286
6.351	-0.02258	-0.02216
6.4	-0.01836	-0.02122
6.448	-0.01445	-0.02008
6.497	-0.01085	-0.01877
6.546	-0.007576	-0.01736
6.595	-0.004632	-0.01587
6.644	-0.002008	-0.01437
6.693	0.0003132	-0.01288
6.742	0.002357	-0.01144
6.79	0.004155	-0.01009
6.839	0.005743	-0.008837
6.888	0.007158	-0.007714
6.937	0.008438	-0.006727
6.986	0.009619	-0.005885
7.035	0.01073	-0.005191
7.084	0.01179	-0.004644
7.132	0.01281	-0.004244
7.181	0.01381	-0.003989
7.23	0.01476	-0.003881
7.279	0.01567	-0.003922
7.328	0.01651	-0.004119
7.377	0.01726	-0.004483
7.426	0.01788	-0.005025
7.474	0.01834	-0.00576
7.523	0.01862	-0.006702
7.572	0.01868	-0.007864
7.621	0.01849	-0.009255
7.67	0.01803	-0.01088
7.719	0.01728	-0.01273
7.767	0.01623	-0.01479
7.816	0.01488	-0.01705
7.865	0.01324	-0.01946
7.914	0.0113	-0.02199
7.963	0.00911	-0.02458
8.012	0.006682	-0.02717
8.061	0.004057	-0.02971
8.109	0.001281	-0.03212
8.158	-0.001598	-0.03434
8.207	-0.004523	-0.03629
8.256	-0.007433	-0.03792
8.305	-0.01027	-0.03917
8.354	-0.01296	-0.03998
8.403	-0.01545	-0.04034
8.451	-0.01767	-0.0402
8.5	-0.01956	-0.03955
8.549	-0.02107	-0.03838
8.598	-0.02214	-0.03671
8.647	-0.02272	-0.03456
8.696	-0.02278	-0.03197
8.745	-0.02228	-0.02898
8.793	-0.02117	-0.02564
8.842	-0.01944	-0.02201
8.891	-0.01704	-0.01814
8.94	-0.01397	-0.01408
8.989	-0.01019	-0.009897
9.038	-0.0057	-0.00564
9.086	-0.0004798	-0.001358
9.135	0.005474	0.002904
9.184	0.01216	0.007109
9.233	0.01957	0.01122
9.282	0.02769	0.01522
9.331	0.03648	0.01907
9.38	0.04592	0.02277
9.428	0.05593	0.02631
9.477	0.06647	0.02967
9.526	0.07744	0.03287
9.575	0.08877	0.0359
9.624	0.1003	0.03879
9.673	0.1121	0.04153
9.722	0.1238	0.04415
9.77	0.1354	0.04667
9.819	0.1468	0.0491
9.868	0.1579	0.05147
9.917	0.1685	0.0538
9.966	0.1785	0.05611
10.01	0.1878	0.05842
10.06	0.1964	0.06073
10.11	0.204	0.06306
10.16	0.2107	0.06542
10.21	0.2164	0.06779
10.26	0.2211	0.07019
10.31	0.2247	0.07258
10.36	0.2272	0.07497
10.41	0.2286	0.07732
10.45	0.229	0.07962
10.5	0.2283	0.08185
10.55	0.2265	0.08398
10.6	0.2238	0.086
10.65	0.2201	0.08789
10.7	0.2155	0.08964
10.75	0.21	0.09125
10.8	0.2037	0.09269
10.85	0.1967	0.09398
10.89	0.189	0.09511
10.94	0.1807	0.09607
10.99	0.1719	0.09686
11.04	0.1626	0.09746
11.09	0.153	0.09789
11.14	0.1431	0.09812
11.19	0.1331	0.09815
11.24	0.123	0.09798
11.28	0.1129	0.09761
11.33	0.1028	0.09704
11.38	0.09302	0.09627
11.43	0.08347	0.09531
11.48	0.07425	0.09417
11.53	0.06544	0.09286
11.58	0.05709	0.09141
11.63	0.04924	0.08982
11.68	0.04193	0.08813
11.72	0.03517	0.08633
11.77	0.02897	0.08447
11.82	0.02334	0.08254
11.87	0.01826	0.08058
11.92	0.01373	0.07859
11.97	0.00971	0.07658
12.02	0.006174	0.07458
12.07	0.00308	0.07258
12.12	0.0003831	0.07061
12.16	-0.00197	0.06867
12.21	-0.004036	0.06678
12.26	-0.005875	0.06496
12.31	-0.00755	0.06323
12.36	-0.009123	0.0616
12.41	-0.01065	0.0601
12.46	-0.01221	0.05876
12.51	-0.01383	0.05759
12.55	-0.01557	0.05662
12.6	-0.01747	0.05587
12.65	-0.01957	0.05536
12.7	-0.02189	0.05509
12.75	-0.02445	0.05507
12.8	-0.02726	0.05531
12.85	-0.03032	0.0558
12.9	-0.03362	0.05651
12.95	-0.03715	0.05742
12.99	-0.04088	0.05851
13.04	-0.0448	0.05972
13.09	-0.04888	0.06101
13.14	-0.05308	0.06233
13.19	-0.05737	0.06362
13.24	-0.0617	0.06481
13.29	-0.06603	0.06585
13.34	-0.07032	0.06668
13.39	-0.07451	0.06723
13.43	-0.07854	0.06746
13.48	-0.08237	0.06732
13.53	-0.08593	0.06677
13.58	-0.08917	0.0658
13.63	-0.09204	0.06437
13.68	-0.09449	0.06249
13.73	-0.0965	0.06016
13.78	-0.09802	0.05739
13.83	-0.09904	0.05419
13.87	-0.09953	0.05061
13.92	-0.0995	0.04667
13.97	-0.09893	0.04241
14.02	-0.09785	0.03787
14.07	-0.09626	0.0331
14.12	-0.09417	0.02815
14.17	-0.09162	0.02305
14.22	-0.08862	0.01787
14.26	-0.08522	0.01263
14.31	-0.08144	0.007401
14.36	-0.07733	0.002208
14.41	-0.07293	-0.002905
14.46	-0.06831	-0.007901
14.51	-0.06351	-0.01274
14.56	-0.0586	-0.0174
14.61	-0.05363	-0.02185
14.66	-0.04868	-0.02606
14.7	-0.04379	-0.03001
14.75	-0.03903	-0.03368
14.8	-0.03444	-0.03705
14.85	-0.03009	-0.04012
14.9	-0.02602	-0.04287
14.95	-0.02226	-0.04529
15	-0.01885	-0.0474
15.05	-0.01582	-0.0492
15.1	-0.01318	-0.05071
15.14	-0.01096	-0.05193
15.19	-0.009158	-0.05289
15.24	-0.007784	-0.05361
15.29	-0.006836	-0.05411
15.34	-0.006304	-0.05443
15.39	-0.006172	-0.0546
15.44	-0.006415	-0.05463
15.49	-0.007	-0.05456
15.53	-0.007888	-0.05441
15.58	-0.009036	-0.0542
15.63	-0.01039	-0.05396
15.68	-0.01191	-0.05369
15.73	-0.01353	-0.05341
15.78	-0.0152	-0.05314
15.83	-0.01687	-0.05287
15.88	-0.0185	-0.05262
15.93	-0.02003	-0.05239
15.97	-0.02144	-0.05217
16.02	-0.0227	-0.05196
16.07	-0.02379	-0.05177
16.12	-0.02473	-0.05158
16.17	-0.0255	-0.05139
16.22	-0.02614	-0.0512
16.27	-0.02667	-0.051
16.32	-0.02712	-0.05079
16.37	-0.02752	-0.05057
16.41	-0.02792	-0.05035
16.46	-0.02836	-0.05013
16.51	-0.02888	-0.04991
16.56	-0.02952	-0.0497
16.61	-0.03031	-0.0495
16.66	-0.03128	-0.04931
16.71	-0.03244	-0.04914
16.76	-0.03382	-0.04899
16.81	-0.03542	-0.04885
16.85	-0.03724	-0.04872
16.9	-0.03928	-0.0486
16.95	-0.04154	-0.04847
17	-0.04398	-0.04834
17.05	-0.04661	-0.04817
17.1	-0.0494	-0.04798
17.15	-0.05232	-0.04776
17.2	-0.05536	-0.04748
17.24	-0.05849	-0.04717
17.29	-0.0617	-0.0468
17.34	-0.06496	-0.04639
17.39	-0.06826	-0.04594
17.44	-0.07159	-0.04546
17.49	-0.07493	-0.04495
17.54	-0.07829	-0.04443
17.59	-0.08164	-0.04391
17.64	-0.08497	-0.04339
17.68	-0.08828	-0.04289
17.73	-0.09155	-0.04243
17.78	-0.09477	-0.04202
17.83	-0.09791	-0.04166
17.88	-0.1009	-0.04138
17.93	-0.1039	-0.04118
17.98	-0.1066	-0.04108
18.03	-0.1092	-0.04109
18.08	-0.1116	-0.04121
18.12	-0.1138	-0.04147
18.17	-0.1157	-0.04187
18.22	-0.1174	-0.04242
18.27	-0.1187	-0.04312
18.32	-0.1199	-0.04398
18.37	-0.1207	-0.045
18.42	-0.1212	-0.04617
18.47	-0.1215	-0.04749
18.51	-0.1215	-0.04895
18.56	-0.1212	-0.05054
18.61	-0.1207	-0.05222
18.66	-0.1199	-0.05399
18.71	-0.1189	-0.05582
18.76	-0.1176	-0.05767
18.81	-0.116	-0.05952
18.86	-0.1141	-0.06132
18.91	-0.1119	-0.06305
18.95	-0.1094	-0.06467
19	-0.1065	-0.06614
19.05	-0.1033	-0.06744
19.1	-0.09964	-0.06853
19.15	-0.09556	-0.06939
19.2	-0.09103	-0.07
19.25	-0.08607	-0.07035
19.3	-0.08068	-0.07044
19.35	-0.07487	-0.07027
19.39	-0.06867	-0.06985
19.44	-0.06213	-0.0692
19.49	-0.05529	-0.06834
19.54	-0.04821	-0.06728
19.59	-0.04095	-0.06607
19.64	-0.03359	-0.06471
19.69	-0.02619	-0.06326
19.74	-0.01882	-0.06173
19.79	-0.01154	-0.06015
19.83	-0.004414	-0.05856
19.88	0.002511	-0.05699
19.93	0.009192	-0.05546
19.98	0.0156	-0.054
20.03	0.02171	-0.05262
20.08	0.02751	-0.05136
20.13	0.03299	-0.05024
20.18	0.03816	-0.04925
20.22	0.04302	-0.04842
20.27	0.04758	-0.04775
20.32	0.05185	-0.04725
20.37	0.05584	-0.0469
20.42	0.05958	-0.0467
20.47	0.06306	-0.04664
20.52	0.06632	-0.04668
20.57	0.06937	-0.04682
20.62	0.07222	-0.04702
20.66	0.07489	-0.04725
20.71	0.0774	-0.04747
20.76	0.07977	-0.04766
20.81	0.082	-0.04778
20.86	0.08412	-0.04781
20.91	0.08612	-0.04771
20.96	0.08802	-0.04747
21.01	0.08981	-0.04707
21.06	0.09149	-0.04651
21.1	0.09306	-0.04577
21.15	0.09449	-0.04487
21.2	0.0958	-0.04381
21.25	0.09695	-0.0426
21.3	0.09795	-0.04126
21.35	0.09878	-0.03982
21.4	0.09946	-0.03828
21.45	0.09997	-0.03667
21.49	0.1003	-0.03501
21.54	0.1006	-0.03333
21.59	0.1006	-0.03163
21.64	0.1006	-0.02994
21.69	0.1005	-0.02828
21.74	0.1003	-0.02666
21.79	0.1	-0.02509
21.84	0.09973	-0.02361
21.89	0.09935	-0.02221
21.93	0.09892	-0.02093
21.98	0.09842	-0.01977
22.03	0.09786	-0.01874
22.08	0.09721	-0.01787
22.13	0.09644	-0.01716
22.18	0.09553	-0.01661
22.23	0.09445	-0.01625
22.28	0.09316	-0.01607
22.33	0.09162	-0.01609
22.37	0.08981	-0.01631
22.42	0.08767	-0.01674
22.47	0.08519	-0.0174
22.52	0.08234	-0.0183
22.57	0.07909	-0.01943
22.62	0.07544	-0.0208
22.67	0.07137	-0.02243
22.72	0.06689	-0.02429
22.77	0.06203	-0.02639
22.81	0.05681	-0.0287
22.86	0.05127	-0.03121
22.91	0.04546	-0.03387
22.96	0.03944	-0.03666
23.01	0.03328	-0.03952
23.06	0.02705	-0.0424
23.11	0.02084	-0.04526
23.16	0.01472	-0.04803
23.2	0.008771	-0.05065
23.25	0.003084	-0.05307
23.3	-0.00227	-0.05524
23.35	-0.007222	-0.05711
23.4	-0.01171	-0.05865
23.45	-0.01568	-0.0598
23.5	-0.01909	-0.06056
23.55	-0.02192	-0.06092
23.6	-0.02415	-0.06088
23.64	-0.02577	-0.06043
23.69	-0.0268	-0.0596
23.74	-0.02724	-0.0584
23.79	-0.02713	-0.05687
23.84	-0.0265	-0.05504
23.89	-0.02539	-0.05294
23.94	-0.02384	-0.05062
23.99	-0.0219	-0.04811
24.04	-0.01962	-0.04545
24.08	-0.01705	-0.04268
24.13	-0.01423	-0.03983
24.18	-0.01121	-0.03693
24.23	-0.008032	-0.03401
24.28	-0.004728	-0.03109
24.33	-0.001324	-0.02819
24.38	0.002159	-0.02531
24.43	0.005706	-0.02247
24.47	0.009309	-0.01967
24.52	0.01296	-0.01692
24.57	0.01667	-0.01421
24.62	0.02043	-0.01154
24.67	0.02424	-0.008894
24.72	0.02811	-0.006275
24.77	0.03203	-0.003669
24.82	0.036	-0.001067
24.87	0.04001	0.001543
24.91	0.04403	0.004172
24.96	0.04804	0.006827
25.01	0.05202	0.009517
25.06	0.05593	0.01224
25.11	0.05975	0.015
25.16	0.06344	0.01779
25.21	0.06696	0.02059
25.26	0.0703	0.02339
25.31	0.07342	0.02616
25.35	0.07632	0.02887
25.4	0.07897	0.0315
25.45	0.08136	0.03401
25.5	0.0835	0.03635
25.55	0.08538	0.0385
25.6	0.087	0.04042
25.65	0.08838	0.04206
25.7	0.08953	0.04341
25.74	0.09046	0.04443
25.79	0.09118	0.0451
25.84	0.09172	0.04541
25.89	0.09208	0.04535
25.94	0.0923	0.04492
25.99	0.09238	0.04412
26.04	0.09236	0.04297
26.09	0.09227	0.04149
26.14	0.09213	0.03969
26.18	0.09198	0.03762
26.23	0.09184	0.03529
26.28	0.09176	0.03274
26.33	0.09176	0.03002
26.38	0.09187	0.02715
26.43	0.09212	0.02417
26.48	0.09254	0.02113
26.53	0.09313	0.01804
26.58	0.09391	0.01493
26.62	0.0949	0.01184
26.67	0.09609	0.008783
26.72	0.09749	0.005772
26.77	0.09907	0.002819
26.82	0.1008	-6.482e-05
26.87	0.1027	-0.002873
26.92	0.1047	-0.005599
26.97	0.1068	-0.008236
27.02	0.1089	-0.01078
27.06	0.111	-0.01321
27.11	0.113	-0.01553
27.16	0.1148	-0.01772
27.21	0.1163	-0.01976
27.26	0.1175	-0.02165
27.31	0.1184	-0.02335
27.36	0.1187	-0.02486
27.41	0.1186	-0.02614
27.45	0.1178	-0.02719
27.5	0.1164	-0.028
27.55	0.1143	-0.02854
27.6	0.1115	-0.02881
27.65	0.1079	-0.02881
27.7	0.1035	-0.02852
27.75	0.09827	-0.02796
27.8	0.09229	-0.02713
27.85	0.08555	-0.02604
27.89	0.07806	-0.02468
27.94	0.06987	-0.02308
27.99	0.06103	-0.02124
28.04	0.05158	-0.01917
28.09	0.04159	-0.01689
28.14	0.03113	-0.0144
28.19	0.02027	-0.01172
28.24	0.009075	-0.008877
28.29	-0.002367	-0.005889
28.33	-0.01398	-0.002779
28.38	-0.02569	0.0004249
28.43	-0.03741	0.003696
28.48	-0.04908	0.007006
28.53	-0.06061	0.01032
28.58	-0.07194	0.01362
28.63	-0.083	0.01686
28.68	-0.09371	0.02001
28.72	-0.104	0.02306
28.77	-0.1139	0.02596
28.82	-0.1232	0.02869
28.87	-0.132	0.03123
28.92	-0.1402	0.03355
28.97	-0.1478	0.03562
29.02	-0.1547	0.03743
29.07	-0.1608	0.03897
29.12	-0.1663	0.04023
29.16	-0.171	0.04119
29.21	-0.1749	0.04186
29.26	-0.1781	0.04225
29.31	-0.1806	0.04236
29.36	-0.1823	0.04222
29.41	-0.1834	0.04185
29.46	-0.1838	0.04128
29.51	-0.1835	0.04054
29.56	-0.1827	0.03968
29.6	-0.1813	0.03874
29.65	-0.1795	0.03776
29.7	-0.1773	0.03678
29.75	-0.1746	0.03584
29.8	-0.1717	0.03499
29.85	-0.1685	0.03425
29.9	-0.1651	0.03365
29.95	-0.1615	0.0332
30	-0.1579	0.03291
30.04	-0.1542	0.03279
30.09	-0.1505	0.03282
30.14	-0.1468	0.03301
30.19	-0.1431	0.03333
30.24	-0.1396	0.03376
30.29	-0.1362	0.03428
30.34	-0.133	0.03486
30.39	-0.1299	0.03549
30.43	-0.1269	0.03613
30.48	-0.1241	0.03676
30.53	-0.1213	0.03737
30.58	-0.1186	0.03795
30.63	-0.116	0.03849
30.68	-0.1133	0.03897
30.73	-0.1106	0.03942
30.78	-0.1078	0.03983
30.83	-0.1048	0.04021
30.87	-0.1016	0.04058
30.92	-0.09828	0.04096
30.97	-0.09472	0.04136
31.02	-0.09094	0.04179
31.07	-0.08694	0.04228
31.12	-0.08273	0.04282
31.17	-0.07832	0.04341
31.22	-0.07373	0.04407
31.27	-0.06899	0.04478
31.31	-0.06411	0.04552
31.36	-0.05912	0.04629
31.41	-0.05405	0.04708
31.46	-0.04892	0.04786
31.51	-0.04375	0.04862
31.56	-0.03857	0.04935
31.61	-0.03339	0.05004
31.66	-0.02822	0.05068
31.7	-0.02308	0.05128
31.75	-0.01799	0.05181
31.8	-0.01294	0.0523
31.85	-0.007961	0.05274
31.9	-0.003052	0.05314
31.95	0.00177	0.05349
32	0.006492	0.0538
32.05	0.0111	0.05408
32.1	0.01558	0.05431
32.14	0.01991	0.0545
32.19	0.02408	0.05465
32.24	0.02808	0.05474
32.29	0.03188	0.05477
32.34	0.03548	0.05473
32.39	0.03886	0.05461
32.44	0.04202	0.05439
32.49	0.04495	0.05407
32.54	0.04765	0.05364
32.58	0.05012	0.05309
32.63	0.05236	0.05241
32.68	0.05437	0.0516
32.73	0.05618	0.05066
32.78	0.05779	0.04959
32.83	0.05922	0.0484
32.88	0.0605	0.0471
32.93	0.06163	0.0457
32.98	0.06266	0.04423
33.02	0.0636	0.04269
33.07	0.06447	0.04111
33.12	0.0653	0.03951
33.17	0.0661	0.03791
33.22	0.06687	0.03634
33.27	0.06761	0.0348
33.32	0.06831	0.03333
33.37	0.06894	0.03192
33.41	0.06949	0.0306
33.46	0.0699	0.02936
33.51	0.07014	0.02823
33.56	0.07016	0.02721
33.61	0.06991	0.02629
33.66	0.06935	0.02549
33.71	0.06843	0.0248
33.76	0.06713	0.02424
33.81	0.06541	0.02379
33.85	0.06327	0.02345
33.9	0.0607	0.02322
33.95	0.05772	0.02309
34	0.05433	0.02305
34.05	0.05057	0.0231
34.1	0.04647	0.0232
34.15	0.04207	0.02336
34.2	0.03741	0.02354
34.25	0.03253	0.02372
34.29	0.02747	0.02387
34.34	0.02227	0.02398
34.39	0.01694	0.024
34.44	0.01153	0.0239
34.49	0.006035	0.02365
34.54	0.0004814	0.02321
34.59	-0.005122	0.02256
34.64	-0.01076	0.02167
34.68	-0.01644	0.0205
34.73	-0.02213	0.01903
34.78	-0.02782	0.01726
34.83	-0.03349	0.01517
34.88	-0.03912	0.01277
34.93	-0.04466	0.01007
34.98	-0.05009	0.007074
35.03	-0.05535	0.003811
35.08	-0.0604	0.0003092
35.12	-0.06519	-0.0034
35.17	-0.06968	-0.00728
35.22	-0.07382	-0.0113
35.27	-0.07756	-0.01541
35.32	-0.08087	-0.01959
35.37	-0.08372	-0.02379
35.42	-0.08608	-0.028
35.47	-0.08792	-0.03216
35.52	-0.08924	-0.03627
35.56	-0.09002	-0.04029
35.61	-0.09025	-0.04419
35.66	-0.08992	-0.04797
35.71	-0.08904	-0.05159
35.76	-0.0876	-0.05506
35.81	-0.08561	-0.05835
35.86	-0.0831	-0.06144
35.91	-0.08007	-0.06434
35.96	-0.07655	-0.06703
36	-0.07258	-0.06949
36.05	-0.06819	-0.07172
36.1	-0.06342	-0.0737
36.15	-0.05832	-0.07542
36.2	-0.05295	-0.07688
36.25	-0.04734	-0.07805
36.3	-0.04156	-0.07893
36.35	-0.03567	-0.07952
36.39	-0.02971	-0.0798
36.44	-0.02373	-0.07978
36.49	-0.01778	-0.07943
36.54	-0.0119	-0.07877
36.59	-0.00614	-0.07778
36.64	-0.0005344	-0.07648
36.69	0.004878	-0.07486
36.74	0.01006	-0.07292
36.79	0.01499	-0.07069
36.83	0.01962	-0.06818
36.88	0.02393	-0.06539
36.93	0.0279	-0.06236
36.98	0.03151	-0.05911
37.03	0.03473	-0.05567
37.08	0.03755	-0.05206
37.13	0.03998	-0.04832
37.18	0.042	-0.04448
37.23	0.04362	-0.04057
37.27	0.04486	-0.03663
37.32	0.04573	-0.03269
37.37	0.04625	-0.02877
37.42	0.04644	-0.02493
37.47	0.04635	-0.02118
37.52	0.04601	-0.01755
37.57	0.04545	-0.01409
37.62	0.04471	-0.01082
37.66	0.04384	-0.007768
37.71	0.04288	-0.004957
37.76	0.04187	-0.002414
37.81	0.04085	-0.0001579
37.86	0.03987	0.001794
37.91	0.03897	0.003431
37.96	0.03819	0.004743
38.01	0.03756	0.005728
38.06	0.03711	0.006385
38.1	0.03688	0.00672
38.15	0.03688	0.006739
38.2	0.03713	0.006452
38.25	0.03765	0.005872
38.3	0.03843	0.005013
38.35	0.0395	0.003883
38.4	0.04084	0.002506
38.45	0.04243	0.0009004
38.5	0.04427	-0.0009155
38.54	0.04634	-0.002922
38.59	0.04861	-0.0051
38.64	0.05105	-0.00743
38.69	0.05364	-0.009893
38.74	0.05634	-0.01247
38.79	0.05911	-0.01515
38.84	0.06192	-0.01792
38.89	0.06474	-0.02077
38.94	0.06754	-0.02368
38.98	0.0703	-0.02665
39.03	0.07299	-0.02967
39.08	0.07562	-0.03273
39.13	0.07816	-0.03584
39.18	0.08062	-0.03897
39.23	0.083	-0.04213
39.28	0.08529	-0.0453
39.33	0.08749	-0.04847
39.37	0.08962	-0.05163
39.42	0.09165	-0.05476
39.47	0.0936	-0.05785
39.52	0.09546	-0.06087
39.57	0.09723	-0.06381
39.62	0.09889	-0.06665
39.67	0.1004	-0.06936
39.72	0.1019	-0.07193
39.77	0.1031	-0.07432
39.81	0.1043	-0.07654
39.86	0.1052	-0.07855
39.91	0.1059	-0.08035
39.96	0.1065	-0.08192
40.01	0.1067	-0.08327
40.06	0.1068	-0.08437
40.11	0.1065	-0.08524
40.16	0.106	-0.08587
40.21	0.1051	-0.08627
40.25	0.1039	-0.08643
40.3	0.1024	-0.08636
40.35	0.1005	-0.08606
40.4	0.09818	-0.08554
40.45	0.09548	-0.0848
40.5	0.09238	-0.08383
40.55	0.08888	-0.08264
40.6	0.08497	-0.08123
40.64	0.08066	-0.0796
40.69	0.07597	-0.07774
40.74	0.0709	-0.07565
40.79	0.06549	-0.07334
40.84	0.05975	-0.0708
40.89	0.05371	-0.06804
40.94	0.0474	-0.06507
40.99	0.04086	-0.06189
41.04	0.03411	-0.05852
41.08	0.0272	-0.05497
41.13	0.02018	-0.05128
41.18	0.01307	-0.04748
41.23	0.00592	-0.0436
41.28	-0.001224	-0.03967
41.33	-0.008321	-0.03575
41.38	-0.01533	-0.03188
41.43	-0.02221	-0.0281
41.48	-0.02891	-0.02446
41.52	-0.03541	-0.021
41.57	-0.04165	-0.01775
41.62	-0.04762	-0.01475
41.67	-0.05329	-0.01201
41.72	-0.05862	-0.009546
41.77	-0.0636	-0.007359
41.82	-0.06822	-0.005443
41.87	-0.07245	-0.003784
41.91	-0.07628	-0.002361
41.96	-0.07971	-0.001147
42.01	-0.08271	-0.000114
42.06	-0.0853	0.0007719
42.11	-0.08744	0.001544
42.16	-0.08915	0.002237
42.21	-0.09042	0.002884
42.26	-0.09124	0.003514
42.31	-0.09161	0.004156
42.35	-0.09154	0.004835
42.4	-0.09102	0.00557
42.45	-0.09008	0.006376
42.5	-0.08872	0.007265
42.55	-0.08697	0.008245
42.6	-0.08484	0.009319
42.65	-0.08236	0.01049
42.7	-0.07958	0.01174
42.75	-0.07652	0.01308
42.79	-0.07322	0.01449
42.84	-0.06971	0.01596
42.89	-0.06605	0.01747
42.94	-0.06225	0.01902
42.99	-0.05836	0.02058
43.04	-0.05442	0.02213
43.09	-0.05045	0.02364
43.14	-0.04649	0.0251
43.19	-0.04258	0.02648
43.23	-0.03874	0.02776
43.28	-0.035	0.02892
43.33	-0.0314	0.02993
43.38	-0.02796	0.03079
43.43	-0.02469	0.03147
43.48	-0.02163	0.03197
43.53	-0.01879	0.03229
43.58	-0.01619	0.03242
43.62	-0.01381	0.03236
43.67	-0.01168	0.03211
43.72	-0.009775	0.03168
43.77	-0.008086	0.03108
43.82	-0.00659	0.03031
43.87	-0.005259	0.02938
43.92	-0.004059	0.0283
43.97	-0.002953	0.02709
44.02	-0.001904	0.02575
44.06	-0.0008736	0.0243
44.11	0.0001705	0.02275
44.16	0.001255	0.02113
44.21	0.002397	0.01943
44.26	0.003604	0.01768
44.31	0.004869	0.01589
44.36	0.006171	0.01407
44.41	0.007476	0.01225
44.46	0.008735	0.01042
44.5	0.009886	0.008594
44.55	0.01086	0.006786
44.6	0.01157	0.004993
44.65	0.01195	0.003214
44.7	0.01189	0.001445
44.75	0.01131	-0.0003216
44.8	0.01014	-0.002096
44.85	0.00833	-0.003887
44.89	0.00582	-0.005705
44.94	0.002581	-0.007559
44.99	-0.001399	-0.009453
45.04	-0.006112	-0.01139
45.09	-0.01153	-0.01337
45.14	-0.01761	-0.01539
45.19	-0.02429	-0.01743
45.24	-0.03149	-0.01949
45.29	-0.03912	-0.02155
45.33	-0.04709	-0.02358
45.38	-0.05528	-0.02557
45.43	-0.06361	-0.0275
45.48	-0.07196	-0.02936
45.53	-0.08023	-0.03111
45.58	-0.08835	-0.03277
45.63	-0.09623	-0.03432
45.68	-0.1038	-0.03576
45.73	-0.111	-0.0371
45.77	-0.1179	-0.03834
45.82	-0.1243	-0.03951
45.87	-0.1302	-0.04061
45.92	-0.1358	-0.04166
45.97	-0.1408	-0.04268
46.02	-0.1455	-0.04369
46.07	-0.1497	-0.0447
46.12	-0.1536	-0.04574
46.17	-0.157	-0.0468
46.21	-0.16	-0.04789
46.26	-0.1627	-0.04903
46.31	-0.1649	-0.0502
46.36	-0.1668	-0.05141
46.41	-0.1683	-0.05263
46.46	-0.1694	-0.05387
46.51	-0.1701	-0.05508
46.56	-0.1703	-0.05625
46.6	-0.17	-0.05734
46.65	-0.1692	-0.05832
46.7	-0.1679	-0.05916
46.75	-0.1659	-0.05981
46.8	-0.1633	-0.06023
46.85	-0.1599	-0.06039
46.9	-0.1557	-0.06022
46.95	-0.1507	-0.05971
47	-0.1447	-0.05881
47.04	-0.1379	-0.05749
47.09	-0.1301	-0.0557
47.14	-0.1212	-0.05342
47.19	-0.1114	-0.05063
47.24	-0.1006	-0.04731
47.29	-0.08877	-0.04343
47.34	-0.07605	-0.039
47.39	-0.06247	-0.03401
47.44	-0.04811	-0.02847
47.48	-0.03305	-0.02243
47.53	-0.01741	-0.01591
47.58	-0.00129	-0.008976
47.63	0.01518	-0.001702
47.68	0.03189	0.005819
47.73	0.0487	0.01348
47.78	0.06551	0.02114
47.83	0.08219	0.02866
47.87	0.09866	0.03589
47.92	0.1148	0.04266
47.97	0.1306	0.0488
48.02	0.1459	0.05415
48.07	0.1607	0.05853
48.12	0.1751	0.0618
48.17	0.189	0.06385
48.22	0.2025	0.06455
48.27	0.2157	0.06385
48.31	0.2286	0.0617
48.36	0.2415	0.05811
48.41	0.2545	0.05312
48.46	0.2678	0.04682
48.51	0.2817	0.03931
48.56	0.2963	0.03077
48.61	0.312	0.02137
48.66	0.3289	0.01135
48.71	0.3474	0.0009307
48.75	0.3676	-0.009618
48.8	0.3899	-0.02003
48.85	0.4142	-0.03002
48.9	0.4409	-0.0393
48.95	0.4698	-0.04759
49	0.501	-0.05458
49.05	0.5344	-0.06002
49.1	0.5696	-0.06364
49.15	0.6065	-0.06518
49.19	0.6445	-0.0644
49.24	0.6831	-0.06106
49.29	0.7218	-0.05495
49.34	0.7598	-0.04586
49.39	0.7963	-0.0336
49.44	0.8307	-0.01804
49.49	0.862	0.0009585
49.54	0.8894	0.02347
49.58	0.9122	0.04954
49.63	0.9294	0.07915
49.68	0.9404	0.1122
49.73	0.9446	0.1486
49.78	0.9415	0.1881
49.83	0.9306	0.2304
49.88	0.9116	0.2752
49.93	0.8846	0.3221
49.98	0.8494	0.3706
50.02	0.8063	0.4201
50.07	0.7556	0.4701
50.12	0.6977	0.52
50.17	0.6332	0.569
50.22	0.5628	0.6166
50.27	0.4873	0.662
50.32	0.4074	0.7047
50.37	0.324	0.7439
50.42	0.2381	0.7792
50.46	0.1505	0.8099
50.51	0.06228	0.8356
50.56	-0.02582	0.8558
50.61	-0.1129	0.8703
50.66	-0.1982	0.8786
50.71	-0.281	0.8806
50.76	-0.3607	0.8762
50.81	-0.4366	0.8654
50.85	-0.5084	0.8481
50.9	-0.5755	0.8246
50.95	-0.6378	0.7951
51	-0.6949	0.7598
51.05	-0.7468	0.7192
51.1	-0.7933	0.6736
51.15	-0.8345	0.6236
51.2	-0.8705	0.5698
51.25	-0.9014	0.5129
51.29	-0.9275	0.4533
51.34	-0.9491	0.3919
51.39	-0.9664	0.3292
51.44	-0.9796	0.266
51.49	-0.9893	0.2028
51.54	-0.9957	0.1402
51.59	-0.9991	0.07876
51.64	-1	0.01908
51.69	-0.9987	-0.03839
51.73	-0.9955	-0.09325
51.78	-0.9908	-0.1451
51.83	-0.9849	-0.1937
51.88	-0.9779	-0.2387
51.93	-0.9703	-0.28
51.98	-0.9621	-0.3174
52.03	-0.9535	-0.3509
52.08	-0.9447	-0.3804
52.13	-0.9357	-0.4059
52.17	-0.9266	-0.4276
52.22	-0.9174	-0.4454
52.27	-0.9081	-0.4597
52.32	-0.8986	-0.4705
52.37	-0.8889	-0.4781
52.42	-0.879	-0.4827
52.47	-0.8686	-0.4846
52.52	-0.8578	-0.484
52.56	-0.8465	-0.4811
52.61	-0.8345	-0.4763
52.66	-0.8218	-0.4697
52.71	-0.8083	-0.4615
52.76	-0.7939	-0.4521
52.81	-0.7786	-0.4415
52.86	-0.7624	-0.4299
52.91	-0.7452	-0.4176
52.96	-0.727	-0.4045
53	-0.7079	-0.3909
53.05	-0.6879	-0.3768
53.1	-0.667	-0.3624
53.15	-0.6453	-0.3478
53.2	-0.6229	-0.3329
53.25	-0.5999	-0.318
53.3	-0.5763	-0.3032
53.35	-0.5524	-0.2885
53.4	-0.5281	-0.274
53.44	-0.5036	-0.2599
53.49	-0.4789	-0.2462
53.54	-0.4543	-0.2331
53.59	-0.4296	-0.2208
53.64	-0.4051	-0.2092
53.69	-0.3807	-0.1986
53.74	-0.3564	-0.189
53.79	-0.3324	-0.1805
53.83	-0.3085	-0.1732
53.88	-0.2849	-0.167
53.93	-0.2615	-0.162
53.98	-0.2384	-0.1581
54.03	-0.2154	-0.1554
54.08	-0.1928	-0.1536
54.13	-0.1704	-0.1528
54.18	-0.1482	-0.1527
54.23	-0.1264	-0.1533
54.27	-0.1049	-0.1543
54.32	-0.08383	-0.1556
54.37	-0.0631	-0.157
54.42	-0.04277	-0.1584
54.47	-0.02285	-0.1596
54.52	-0.003358	-0.1605
54.57	0.01573	-0.161
54.62	0.03442	-0.1609
54.67	0.05276	-0.1603
54.71	0.07077	-0.1591
54.76	0.08853	-0.1573
54.81	0.1061	-0.1548
54.86	0.1235	-0.1517
54.91	0.1409	-0.148
54.96	0.1584	-0.1439
55.01	0.1759	-0.1393
55.06	0.1936	-0.1345
55.11	0.2116	-0.1294
55.15	0.2298	-0.1243
55.2	0.2484	-0.1191
55.25	0.2674	-0.114
55.3	0.2867	-0.1092
55.35	0.3065	-0.1046
55.4	0.3266	-0.1005
55.45	0.347	-0.09679
55.5	0.3677	-0.0936
55.54	0.3887	-0.09096
55.59	0.4098	-0.08888
55.64	0.4311	-0.08737
55.69	0.4523	-0.08642
55.74	0.4734	-0.08598
55.79	0.4943	-0.08601
55.84	0.5148	-0.08643
55.89	0.535	-0.08717
55.94	0.5545	-0.08813
55.98	0.5735	-0.08919
56.03	0.5916	-0.09026
56.08	0.6089	-0.09122
56.13	0.6253	-0.09197
56.18	0.6406	-0.0924
56.23	0.6547	-0.09242
56.28	0.6677	-0.09195
56.33	0.6793	-0.09092
56.38	0.6897	-0.08929
56.42	0.6988	-0.08702
56.47	0.7064	-0.08408
56.52	0.7126	-0.08048
56.57	0.7174	-0.07621
56.62	0.7208	-0.0713
56.67	0.7228	-0.06578
56.72	0.7234	-0.05968
56.77	0.7225	-0.05305
56.81	0.7202	-0.04594
56.86	0.7166	-0.03839
56.91	0.7116	-0.03047
56.96	0.7053	-0.02222
57.01	0.6977	-0.01369
57.06	0.6889	-0.004954
57.11	0.6788	0.00395
57.16	0.6675	0.01297
57.21	0.6551	0.02204
57.25	0.6415	0.03113
57.3	0.6269	0.04018
57.35	0.6113	0.04915
57.4	0.5947	0.05797
57.45	0.5773	0.06662
57.5	0.5589	0.07503
57.55	0.5398	0.08316
57.6	0.52	0.09098
57.65	0.4996	0.09843
57.69	0.4786	0.1055
57.74	0.4571	0.1121
57.79	0.4352	0.1183
57.84	0.413	0.124
57.89	0.3906	0.1292
57.94	0.368	0.1339
57.99	0.3454	0.1381
58.04	0.3229	0.1417
58.09	0.3005	0.1448
58.13	0.2784	0.1474
58.18	0.2567	0.1494
58.23	0.2354	0.1509
58.28	0.2147	0.1517
58.33	0.1948	0.1519
58.38	0.1756	0.1515
58.43	0.1572	0.1505
58.48	0.1399	0.1487
58.52	0.1237	0.1463
58.57	0.1086	0.143
58.62	0.09476	0.139
58.67	0.08225	0.1342
58.72	0.07115	0.1286
58.77	0.06151	0.1221
58.82	0.0534	0.1149
58.87	0.04687	0.1068
58.92	0.04196	0.09803
58.96	0.03872	0.08856
59.01	0.03716	0.07847
59.06	0.03731	0.06787
59.11	0.03915	0.05683
59.16	0.04268	0.04547
59.21	0.04787	0.03391
59.26	0.05468	0.02226
59.31	0.06303	0.01065
59.36	0.07284	-0.0008192
59.4	0.08401	-0.01202
59.45	0.09641	-0.02285
59.5	0.1099	-0.03321
59.55	0.1243	-0.043
59.6	0.1395	-0.05214
59.65	0.1553	-0.06055
59.7	0.1714	-0.06816
59.75	0.1877	-0.07493
59.79	0.2039	-0.08079
59.84	0.2199	-0.08572
59.89	0.2355	-0.08966
59.94	0.2504	-0.09259
59.99	0.2645	-0.09449
60.04	0.2776	-0.09536
60.09	0.2895	-0.09517
60.14	0.3002	-0.09396
60.19	0.3094	-0.09174
60.23	0.317	-0.08856
60.28	0.3231	-0.08446
60.33	0.3274	-0.07951
60.38	0.3299	-0.0738
60.43	0.3306	-0.06741
60.48	0.3294	-0.06046
60.53	0.3263	-0.05305
60.58	0.3214	-0.0453
60.63	0.3145	-0.03734
60.67	0.3057	-0.02928
60.72	0.2951	-0.02124
60.77	0.2826	-0.01336
60.82	0.2684	-0.005724
60.87	0.2524	0.001544
60.92	0.2347	0.008354
60.97	0.2155	0.01462
61.02	0.1947	0.02028
61.06	0.1725	0.02528
61.11	0.1489	0.02957
61.16	0.1241	0.03314
61.21	0.09812	0.03597
61.26	0.07111	0.03808
61.31	0.04318	0.03949
61.36	0.01447	0.04024
61.41	-0.01487	0.04039
61.46	-0.04467	0.04
61.5	-0.07477	0.03914
61.55	-0.105	0.0379
61.6	-0.1351	0.03637
61.65	-0.165	0.03464
61.7	-0.1943	0.03283
61.75	-0.223	0.03103
61.8	-0.2507	0.02935
61.85	-0.2773	0.0279
61.9	-0.3027	0.02678
61.94	-0.3266	0.02607
61.99	-0.3488	0.02588
62.04	-0.3692	0.02629
62.09	-0.3878	0.02736
62.14	-0.4043	0.02916
62.19	-0.4186	0.03173
62.24	-0.4308	0.03512
62.29	-0.4408	0.03933
62.34	-0.4484	0.04437
62.38	-0.4539	0.05023
62.43	-0.4572	0.05685
62.48	-0.4584	0.06419
62.53	-0.4576	0.07218
62.58	-0.4549	0.08071
62.63	-0.4506	0.0897
62.68	-0.4449	0.09903
62.73	-0.4379	0.1086
62.77	-0.4298	0.1182
62.82	-0.421	0.1278
62.87	-0.4117	0.1373
62.92	-0.402	0.1466
62.97	-0.3923	0.1555
63.02	-0.3825	0.164
63.07	-0.373	0.1721
63.12	-0.3639	0.1796
63.17	-0.3551	0.1867
63.21	-0.3468	0.1932
63.26	-0.339	0.1992
63.31	-0.3315	0.2046
63.36	-0.3245	0.2095
63.41	-0.3178	0.2138
63.46	-0.3114	0.2175
63.51	-0.3051	0.2206
63.56	-0.2988	0.2229
63.61	-0.2926	0.2245
63.65	-0.2864	0.2252
63.7	-0.2801	0.2249
63.75	-0.2738	0.2235
63.8	-0.2674	0.2208
63.85	-0.2611	0.2168
63.9	-0.2548	0.2113
63.95	-0.2486	0.2043
64	-0.2427	0.1956
64.04	-0.237	0.1852
64.09	-0.2316	0.1731
64.14	-0.2266	0.1594
64.19	-0.222	0.144
64.24	-0.2178	0.1272
64.29	-0.214	0.1089
64.34	-0.2104	0.08946
64.39	-0.2071	0.06893
64.44	-0.2039	0.04753
64.48	-0.2007	0.02548
64.53	-0.1973	0.00299
64.58	-0.1936	-0.01972
64.63	-0.1895	-0.04243
64.68	-0.1847	-0.06494
64.73	-0.1791	-0.08704
64.78	-0.1727	-0.1085
64.83	-0.1652	-0.1292
64.88	-0.1566	-0.149
64.92	-0.1468	-0.1677
64.97	-0.1358	-0.1851
65.02	-0.1236	-0.2012
65.07	-0.1103	-0.2158
65.12	-0.09583	-0.2289
65.17	-0.08038	-0.2405
65.22	-0.06406	-0.2504
65.27	-0.04703	-0.2586
65.32	-0.02946	-0.2652
65.36	-0.01155	-0.2702
65.41	0.006514	-0.2735
65.46	0.02452	-0.2753
65.51	0.04227	-0.2756
65.56	0.05958	-0.2744
65.61	0.07626	-0.2719
65.66	0.09216	-0.2681
65.71	0.1071	-0.263
65.75	0.121	-0.2569
65.8	0.1338	-0.2496
65.85	0.1453	-0.2414
65.9	0.1555	-0.2322
65.95	0.1643	-0.2223
66	0.1715	-0.2115
66.05	0.1773	-0.2001
66.1	0.1815	-0.188
66.15	0.1841	-0.1754
66.19	0.1849	-0.1623
66.24	0.1841	-0.1489
66.29	0.1814	-0.1352
66.34	0.1769	-0.1212
66.39	0.1705	-0.1071
66.44	0.1621	-0.09289
66.49	0.1518	-0.0787
66.54	0.1396	-0.06456
66.59	0.1254	-0.05053
66.63	0.1094	-0.03667
66.68	0.09171	-0.02302
66.73	0.07235	-0.009621
66.78	0.05152	0.00348
66.83	0.02942	0.01625
66.88	0.006278	0.02864
66.93	-0.01765	0.04061
66.98	-0.04209	0.05213
67.02	-0.06674	0.06315
67.07	-0.09128	0.07362
67.12	-0.1154	0.0835
67.17	-0.1387	0.09274
67.22	-0.161	0.1013
67.27	-0.1819	0.1091
67.32	-0.2011	0.1162
67.37	-0.2184	0.1226
67.42	-0.2335	0.1281
67.46	-0.2462	0.1329
67.51	-0.2563	0.137
67.56	-0.2637	0.1404
67.61	-0.2683	0.1431
67.66	-0.27	0.1452
67.71	-0.2689	0.1469
67.76	-0.2649	0.1482
67.81	-0.2582	0.1492
67.86	-0.2488	0.15
67.9	-0.237	0.1507
67.95	-0.223	0.1514
68	-0.2069	0.1522
68.05	-0.189	0.1532
68.1	-0.1695	0.1543
68.15	-0.1488	0.1558
68.2	-0.1271	0.1574
68.25	-0.1047	0.1594
68.3	-0.0819	0.1615
68.34	-0.0589	0.1637
68.39	-0.03597	0.1661
68.44	-0.01337	0.1684
68.49	0.008684	0.1705
68.54	0.02998	0.1724
68.59	0.05033	0.174
68.64	0.06955	0.175
68.69	0.0875	0.1754
68.73	0.1041	0.1752
68.78	0.1192	0.1741
68.83	0.1327	0.1721
68.88	0.1447	0.1691
68.93	0.1553	0.1652
68.98	0.1643	0.1602
69.03	0.1721	0.1542
69.08	0.1787	0.1471
69.13	0.1844	0.1391
69.17	0.1892	0.13
69.22	0.1935	0.1201
69.27	0.1975	0.1092
69.32	0.2013	0.0975
69.37	0.2052	0.08503
69.42	0.2093	0.07185
69.47	0.2138	0.05803
69.52	0.2187	0.04363
69.57	0.2242	0.02875
69.61	0.2301	0.01346
69.66	0.2365	-0.002133
69.71	0.2433	-0.01793
69.76	0.2503	-0.0338
69.81	0.2576	-0.04964
69.86	0.2649	-0.0653
69.91	0.2722	-0.08065
69.96	0.2791	-0.09554
70	0.2857	-0.1098
70.05	0.2918	-0.1234
70.1	0.2972	-0.1361
70.15	0.3019	-0.1478
70.2	0.3057	-0.1585
70.25	0.3085	-0.168
70.3	0.3102	-0.1762
70.35	0.3108	-0.1832
70.4	0.3101	-0.189
70.44	0.3081	-0.1934
70.49	0.3047	-0.1966
70.54	0.2997	-0.1985
70.59	0.2932	-0.1993
70.64	0.285	-0.1989
70.69	0.275	-0.1973
70.74	0.2632	-0.1947
70.79	0.2495	-0.1911
70.84	0.2338	-0.1865
70.88	0.2162	-0.181
70.93	0.1966	-0.1746
70.98	0.1751	-0.1674
71.03	0.1517	-0.1593
71.08	0.1265	-0.1506
71.13	0.0995	-0.1411
71.18	0.07094	-0.131
71.23	0.04095	-0.1205
71.28	0.009716	-0.1094
71.32	-0.02254	-0.09805
71.37	-0.05557	-0.08643
71.42	-0.08912	-0.0747
71.47	-0.1229	-0.06299
71.52	-0.1566	-0.05142
71.57	-0.19	-0.04012
71.62	-0.2226	-0.02924
71.67	-0.2542	-0.0189
71.71	-0.2846	-0.009221
71.76	-0.3133	-0.0003186
71.81	-0.3401	0.007713
71.86	-0.3648	0.0148
71.91	-0.3872	0.02088
71.96	-0.4069	0.02592
72.01	-0.424	0.02991
72.06	-0.4381	0.03286
72.11	-0.4493	0.03481
72.15	-0.4575	0.03581
72.2	-0.4627	0.03593
72.25	-0.4648	0.03526
72.3	-0.4639	0.0339
72.35	-0.46	0.03195
72.4	-0.4533	0.02952
72.45	-0.4438	0.02672
72.5	-0.4317	0.02364
72.55	-0.4171	0.02037
72.59	-0.4002	0.01698
72.64	-0.3812	0.01352
72.69	-0.3603	0.01003
72.74	-0.3377	0.006521
72.79	-0.3135	0.003
72.84	-0.2879	-0.0005478
72.89	-0.2613	-0.004146
72.94	-0.2338	-0.007829
72.98	-0.2056	-0.01163
73.03	-0.177	-0.0156
73.08	-0.1482	-0.01977
73.13	-0.1194	-0.02418
73.18	-0.09086	-0.02885
73.23	-0.06279	-0.0338
73.28	-0.03541	-0.03903
73.33	-0.008953	-0.04455
73.38	0.01638	-0.05031
73.42	0.04038	-0.0563
73.47	0.06286	-0.06244
73.52	0.08362	-0.06866
73.57	0.1025	-0.0749
73.62	0.1194	-0.08104
73.67	0.1341	-0.08699
73.72	0.1465	-0.09263
73.77	0.1566	-0.09785
73.82	0.1644	-0.1025
73.86	0.1698	-0.1066
73.91	0.1728	-0.1099
73.96	0.1736	-0.1123
74.01	0.1723	-0.1139
74.06	0.169	-0.1144
74.11	0.1639	-0.1139
74.16	0.1573	-0.1124
74.21	0.1493	-0.1097
74.26	0.1403	-0.106
74.3	0.1306	-0.1012
74.35	0.1204	-0.09538
74.4	0.11	-0.08858
74.45	0.09968	-0.08084
74.5	0.08977	-0.07223
74.55	0.08051	-0.06281
74.6	0.07214	-0.05269
74.65	0.06486	-0.04193
74.69	0.05887	-0.03062
74.74	0.05432	-0.01885
74.79	0.05137	-0.006702
74.84	0.05013	0.005734
74.89	0.05068	0.01837
74.94	0.05311	0.03111
74.99	0.05746	0.04387
75.04	0.06375	0.05653
75.09	0.07198	0.06901
75.13	0.08213	0.08119
75.18	0.09415	0.09296
75.23	0.108	0.1042
75.28	0.1235	0.1149
75.33	0.1406	0.1248
75.38	0.1592	0.1339
75.43	0.1791	0.1421
75.48	0.2001	0.1492
75.53	0.222	0.1553
75.57	0.2446	0.1603
75.62	0.2676	0.164
75.67	0.2909	0.1666
75.72	0.3143	0.1679
75.77	0.3374	0.1679
75.82	0.36	0.1668
75.87	0.3819	0.1644
75.92	0.4029	0.1609
75.96	0.4228	0.1563
76.01	0.4413	0.1507
76.06	0.4583	0.1442
76.11	0.4734	0.1368
76.16	0.4867	0.1286
76.21	0.4979	0.1198
76.26	0.5068	0.1105
76.31	0.5133	0.1007
76.36	0.5174	0.09053
76.4	0.519	0.08017
76.45	0.518	0.06967
76.5	0.5144	0.05915
76.55	0.5081	0.0487
76.6	0.4993	0.03838
76.65	0.4879	0.02828
76.7	0.474	0.01844
76.75	0.4576	0.00891
76.8	0.4389	-0.0003014
76.84	0.418	-0.009184
76.89	0.3949	-0.01775
76.94	0.3698	-0.02601
76.99	0.3427	-0.034
77.04	0.3137	-0.04176
77.09	0.2831	-0.04932
77.14	0.2508	-0.05671
77.19	0.2171	-0.06396
77.23	0.1821	-0.07108
77.28	0.146	-0.07807
77.33	0.1089	-0.08491
77.38	0.07108	-0.09157
77.43	0.03274	-0.09801
77.48	-0.00589	-0.1041
77.53	-0.04457	-0.1099
77.58	-0.08305	-0.1152
77.63	-0.1211	-0.1199
77.67	-0.1584	-0.1239
77.72	-0.1948	-0.1272
77.77	-0.2299	-0.1296
77.82	-0.2637	-0.1311
77.87	-0.2957	-0.1316
77.92	-0.3259	-0.131
77.97	-0.3541	-0.1294
78.02	-0.3801	-0.1266
78.07	-0.4039	-0.1228
78.11	-0.4252	-0.1179
78.16	-0.444	-0.112
78.21	-0.4604	-0.1051
78.26	-0.4742	-0.09732
78.31	-0.4856	-0.0887
78.36	-0.4945	-0.07935
78.41	-0.5009	-0.06933
78.46	-0.5051	-0.05876
78.51	-0.5071	-0.04772
78.55	-0.5071	-0.03631
78.6	-0.505	-0.02463
78.65	-0.5013	-0.0128
78.7	-0.4959	-0.0009055
78.75	-0.489	0.01094
78.8	-0.4808	0.02263
78.85	-0.4715	0.03408
78.9	-0.4612	0.04519
78.94	-0.4502	0.05586
78.99	-0.4385	0.06604
79.04	-0.4262	0.07564
79.09	-0.4136	0.08459
79.14	-0.4007	0.09286
79.19	-0.3877	0.1004
79.24	-0.3747	0.1071
79.29	-0.3617	0.1131
79.34	-0.3488	0.1182
79.38	-0.3361	0.1224
79.43	-0.3236	0.1258
79.48	-0.3114	0.1282
79.53	-0.2996	0.1298
79.58	-0.2881	0.1304
79.63	-0.2769	0.1302
79.68	-0.266	0.1289
79.73	-0.2555	0.1268
79.78	-0.2453	0.1237
79.82	-0.2353	0.1196
79.87	-0.2256	0.1146
79.92	-0.2161	0.1086
79.97	-0.2067	0.1017
80.02	-0.1974	0.09392
80.07	-0.1881	0.08524
80.12	-0.1788	0.07573
80.17	-0.1693	0.06544
80.21	-0.1597	0.05445
80.26	-0.1498	0.04283
80.31	-0.1396	0.03067
80.36	-0.1291	0.0181
80.41	-0.1181	0.005219
80.46	-0.1067	-0.007831
80.51	-0.09487	-0.02092
80.56	-0.08253	-0.0339
80.61	-0.06967	-0.04663
80.65	-0.05631	-0.05896
80.7	-0.04244	-0.07078
80.75	-0.02807	-0.08194
80.8	-0.01323	-0.09234
80.85	0.00206	-0.1019
80.9	0.01778	-0.1104
80.95	0.03386	-0.118
81	0.05026	-0.1245
81.05	0.0669	-0.1299
81.09	0.0837	-0.1343
81.14	0.1006	-0.1376
81.19	0.1174	-0.1399
81.24	0.134	-0.1412
81.29	0.1503	-0.1416
81.34	0.1662	-0.1411
81.39	0.1815	-0.1398
81.44	0.1961	-0.1378
81.49	0.2098	-0.1352
81.53	0.2225	-0.132
81.58	0.2342	-0.1284
81.63	0.2447	-0.1243
81.68	0.2539	-0.1199
81.73	0.2617	-0.1152
81.78	0.2683	-0.1102
81.83	0.2734	-0.105
81.88	0.2772	-0.09963
81.92	0.2795	-0.09409
81.97	0.2806	-0.08839
82.02	0.2803	-0.08252
82.07	0.2787	-0.07649
82.12	0.2759	-0.07029
82.17	0.2719	-0.0639
82.22	0.2667	-0.05732
82.27	0.2605	-0.05052
82.32	0.2533	-0.04349
82.36	0.2452	-0.03622
82.41	0.2362	-0.02868
82.46	0.2265	-0.02086
82.51	0.2162	-0.01274
82.56	0.2052	-0.004309
82.61	0.1938	0.004465
82.66	0.182	0.0136
82.71	0.1699	0.02311
82.76	0.1574	0.03302
82.8	0.1447	0.04335
82.85	0.1318	0.05412
82.9	0.1186	0.06534
82.95	0.1052	0.07703
83	0.09146	0.0892
83.05	0.07736	0.1018
83.1	0.06283	0.1149
83.15	0.0478	0.1285
83.19	0.03221	0.1424
83.24	0.01599	0.1567
83.29	-0.0009204	0.1714
83.34	-0.01857	0.1862
83.39	-0.03699	0.2013
83.44	-0.05621	0.2163
83.49	-0.0762	0.2313
83.54	-0.09696	0.2462
83.59	-0.1184	0.2607
83.63	-0.1406	0.2747
83.68	-0.1632	0.2881
83.73	-0.1864	0.3006
83.78	-0.2098	0.3122
83.83	-0.2335	0.3226
83.88	-0.2572	0.3318
83.93	-0.2808	0.3394
83.98	-0.3041	0.3455
84.03	-0.3269	0.3499
84.07	-0.3491	0.3525
84.12	-0.3705	0.3532
84.17	-0.3909	0.3519
84.22	-0.4101	0.3486
84.27	-0.428	0.3434
84.32	-0.4445	0.3361
84.37	-0.4593	0.3268
84.42	-0.4724	0.3156
84.47	-0.4837	0.3025
84.51	-0.493	0.2875
84.56	-0.5004	0.2708
84.61	-0.5058	0.2524
84.66	-0.5092	0.2324
84.71	-0.5105	0.211
84.76	-0.5099	0.1884
84.81	-0.5073	0.1645
84.86	-0.5028	0.1397
84.9	-0.4966	0.114
84.95	-0.4886	0.0877
85	-0.479	0.06096
85.05	-0.4678	0.03398
85.1	-0.4553	0.006988
85.15	-0.4415	-0.01981
85.2	-0.4264	-0.04618
85.25	-0.4102	-0.07192
85.3	-0.3929	-0.09684
85.34	-0.3747	-0.1207
85.39	-0.3555	-0.1434
85.44	-0.3355	-0.1648
85.49	-0.3146	-0.1846
85.54	-0.293	-0.2029
85.59	-0.2706	-0.2194
85.64	-0.2476	-0.2343
85.69	-0.2239	-0.2473
85.74	-0.1997	-0.2585
85.78	-0.1751	-0.268
85.83	-0.1501	-0.2757
85.88	-0.1249	-0.2817
85.93	-0.09954	-0.2861
85.98	-0.07428	-0.289
86.03	-0.04924	-0.2903
86.08	-0.02461	-0.2904
86.13	-0.0005766	-0.2891
86.17	0.02267	-0.2866
86.22	0.04494	-0.283
86.27	0.06604	-0.2783
86.32	0.08578	-0.2726
86.37	0.104	-0.2658
86.42	0.1206	-0.2582
86.47	0.1354	-0.2495
86.52	0.1484	-0.24
86.57	0.1595	-0.2295
86.61	0.1686	-0.2181
86.66	0.1759	-0.2058
86.71	0.1813	-0.1927
86.76	0.185	-0.1788
86.81	0.1871	-0.1642
86.86	0.1876	-0.1489
86.91	0.1869	-0.1331
86.96	0.185	-0.1168
87.01	0.1821	-0.1001
87.05	0.1785	-0.0833
87.1	0.1744	-0.06639
87.15	0.1699	-0.04954
87.2	0.1652	-0.03291
87.25	0.1605	-0.01662
87.3	0.156	-0.0008308
87.35	0.1518	0.01434
87.4	0.1479	0.02875
87.45	0.1445	0.04229
87.49	0.1417	0.05483
87.54	0.1395	0.06627
87.59	0.138	0.07649
87.64	0.1372	0.08538
87.69	0.1371	0.09287
87.74	0.1377	0.09885
87.79	0.139	0.1033
87.84	0.1411	0.106
87.88	0.1439	0.107
87.93	0.1475	0.1063
87.98	0.1518	0.1038
88.03	0.1569	0.0995
88.08	0.1626	0.0934
88.13	0.1691	0.08551
88.18	0.1761	0.0759
88.23	0.1838	0.06462
88.28	0.1921	0.05175
88.32	0.2007	0.0374
88.37	0.2098	0.02171
88.42	0.2192	0.004812
88.47	0.2287	-0.01312
88.52	0.2383	-0.03191
88.57	0.2479	-0.05134
88.62	0.2572	-0.07122
88.67	0.2661	-0.09131
88.72	0.2746	-0.1114
88.76	0.2824	-0.1312
88.81	0.2894	-0.1506
88.86	0.2956	-0.1692
88.91	0.3007	-0.187
88.96	0.3048	-0.2036
89.01	0.3078	-0.2189
89.06	0.3095	-0.2327
89.11	0.31	-0.2449
89.15	0.3092	-0.2554
89.2	0.3072	-0.2639
89.25	0.304	-0.2706
89.3	0.2997	-0.2752
89.35	0.2943	-0.2779
89.4	0.2879	-0.2785
89.45	0.2806	-0.2771
89.5	0.2725	-0.2738
89.55	0.2638	-0.2687
89.59	0.2544	-0.2617
89.64	0.2446	-0.253
89.69	0.2345	-0.2428
89.74	0.2241	-0.231
89.79	0.2135	-0.2179
89.84	0.2029	-0.2035
89.89	0.1923	-0.188
89.94	0.1819	-0.1715
89.99	0.1716	-0.154
90.03	0.1616	-0.1358
90.08	0.1519	-0.1169
90.13	0.1425	-0.0975
90.18	0.1336	-0.07766
90.23	0.1251	-0.0575
90.28	0.1171	-0.03713
90.33	0.1096	-0.01666
90.38	0.1026	0.00382
90.43	0.09605	0.0242
90.47	0.09008	0.0444
90.52	0.08463	0.0643
90.57	0.07971	0.08382
90.62	0.0753	0.1029
90.67	0.07141	0.1213
90.72	0.06801	0.1392
90.77	0.0651	0.1562
90.82	0.06265	0.1724
90.86	0.06063	0.1877
90.91	0.05902	0.2019
90.96	0.05777	0.215
91.01	0.05684	0.227
91.06	0.05619	0.2377
91.11	0.05576	0.247
91.16	0.05548	0.255
91.21	0.05529	0.2616
91.26	0.05514	0.2668
91.3	0.05494	0.2705
91.35	0.05464	0.2727
91.4	0.05418	0.2735
91.45	0.05352	0.2728
91.5	0.0526	0.2708
91.55	0.0514	0.2675
91.6	0.0499	0.263
91.65	0.0481	0.2573
91.7	0.04602	0.2507
91.74	0.04368	0.2431
91.79	0.04111	0.2348
91.84	0.03837	0.2259
91.89	0.0355	0.2165
91.94	0.03255	0.2067
91.99	0.0296	0.1967
92.04	0.02667	0.1867
92.09	0.02384	0.1766
92.13	0.02113	0.1667
92.18	0.01858	0.157
92.23	0.01622	0.1476
92.28	0.01408	0.1385
92.33	0.01216	0.1297
92.38	0.01047	0.1213
92.43	0.00902	0.1132
92.48	0.007815	0.1055
92.53	0.006857	0.09817
92.57	0.006156	0.09109
92.62	0.005725	0.08427
92.67	0.005582	0.07765
92.72	0.005754	0.07117
92.77	0.006269	0.06478
92.82	0.007166	0.05842
92.87	0.008481	0.05202
92.92	0.01025	0.04552
92.97	0.01252	0.03888
93.01	0.01531	0.03204
93.06	0.01864	0.02495
93.11	0.02253	0.01758
93.16	0.02696	0.009905
93.21	0.03192	0.001909
93.26	0.03736	-0.006406
93.31	0.04323	-0.01503
93.36	0.04946	-0.02392
93.4	0.05596	-0.03305
93.45	0.06261	-0.04236
93.5	0.06932	-0.05177
93.55	0.07596	-0.0612
93.6	0.08241	-0.07056
93.65	0.08854	-0.07974
93.7	0.09423	-0.08864
93.75	0.09936	-0.09715
93.8	0.1039	-0.1052
93.84	0.1076	-0.1126
93.89	0.1105	-0.1193
93.94	0.1126	-0.1252
93.99	0.1137	-0.1303
94.04	0.1139	-0.1344
94.09	0.1131	-0.1375
94.14	0.1113	-0.1396
94.19	0.1086	-0.1405
94.24	0.1048	-0.1403
94.28	0.1	-0.139
94.33	0.09423	-0.1365
94.38	0.0875	-0.1328
94.43	0.07982	-0.1281
94.48	0.0712	-0.1223
94.53	0.06169	-0.1154
94.58	0.05131	-0.1077
94.63	0.04013	-0.09901
94.68	0.02819	-0.08957
94.72	0.01557	-0.07946
94.77	0.00234	-0.06878
94.82	-0.0114	-0.05766
94.87	-0.02555	-0.04621
94.92	-0.04	-0.03456
94.97	-0.05463	-0.02284
95.02	-0.06932	-0.01117
95.07	-0.08395	0.0003196
95.11	-0.09839	0.01153
95.16	-0.1125	0.02235
95.21	-0.1262	0.03269
95.26	-0.1393	0.04248
95.31	-0.1518	0.05164
95.36	-0.1636	0.06012
95.41	-0.1745	0.06788
95.46	-0.1845	0.0749
95.51	-0.1934	0.08114
95.55	-0.2014	0.08661
95.6	-0.2082	0.0913
95.65	-0.2139	0.09522
95.7	-0.2184	0.09838
95.75	-0.2217	0.1008
95.8	-0.2238	0.1025
95.85	-0.2246	0.1035
95.9	-0.2242	0.1038
95.95	-0.2227	0.1035
95.99	-0.2199	0.1026
96.04	-0.216	0.1011
96.09	-0.211	0.09898
96.14	-0.2049	0.09631
96.19	-0.1977	0.09309
96.24	-0.1896	0.08932
96.29	-0.1805	0.08502
96.34	-0.1706	0.08019
96.38	-0.1598	0.07485
96.43	-0.1482	0.069
96.48	-0.136	0.06267
96.53	-0.123	0.05588
96.58	-0.1095	0.04866
96.63	-0.0954	0.04104
96.68	-0.08079	0.03306
96.73	-0.06574	0.02477
96.78	-0.0503	0.01623
96.82	-0.03455	0.007488
96.87	-0.01855	-0.001405
96.92	-0.002381	-0.01039
96.97	0.01388	-0.01942
97.02	0.03016	-0.02844
97.07	0.04636	-0.03742
97.12	0.06241	-0.04632
97.17	0.07821	-0.0551
97.22	0.09368	-0.06374
97.26	0.1087	-0.07222
97.31	0.1233	-0.08051
97.36	0.1374	-0.08859
97.41	0.1508	-0.09643
97.46	0.1635	-0.104
97.51	0.1755	-0.1113
97.56	0.1867	-0.1183
97.61	0.1972	-0.1249
97.66	0.2068	-0.1312
97.7	0.2156	-0.1369
97.75	0.2235	-0.1422
97.8	0.2306	-0.147
97.85	0.2368	-0.1511
97.9	0.2422	-0.1546
97.95	0.2466	-0.1574
98	0.2502	-0.1595
98.05	0.2529	-0.1609
98.09	0.2547	-0.1615
98.14	0.2556	-0.1613
98.19	0.2555	-0.1603
98.24	0.2545	-0.1586
98.29	0.2524	-0.1561
98.34	0.2493	-0.153
98.39	0.2452	-0.1492
98.44	0.2399	-0.145
98.49	0.2335	-0.1402
98.53	0.2259	-0.1352
98.58	0.2172	-0.1298
98.63	0.2073	-0.1244
98.68	0.1963	-0.1189
98.73	0.1843	-0.1135
98.78	0.1711	-0.1082
98.83	0.157	-0.1032
98.88	0.1419	-0.09846
98.93	0.126	-0.09406
98.97	0.1094	-0.09002
99.02	0.09209	-0.08633
99.07	0.07428	-0.08296
99.12	0.05608	-0.07987
99.17	0.03761	-0.07699
99.22	0.01903	-0.07424
99.27	0.0004636	-0.07153
99.32	-0.01793	-0.06874
99.36	-0.03601	-0.06577
99.41	-0.05364	-0.06251
99.46	-0.07071	-0.05886
99.51	-0.08708	-0.0547
99.56	-0.1027	-0.04995
99.61	-0.1174	-0.04454
99.66	-0.1312	-0.03841
99.71	-0.144	-0.03151
99.76	-0.1559	-0.02381
99.8	-0.1668	-0.01532
99.85	-0.1768	-0.006026
99.9	-0.1858	0.004034
99.95	-0.194	0.01483
100	-0.2014	0.0263
