0.03085	-0.0318
0.02984	-0.0308
0.02882	-0.02981
0.0278	-0.02881
0.02678	-0.02781
0.02575	-0.0268
0.02471	-0.02581
0.02368	-0.02482
0.02264	-0.02382
0.02159	-0.02283
0.02055	-0.02184
0.0195	-0.02085
0.01845	-0.01987
0.01739	-0.01888
0.01633	-0.01791
0.01527	-0.01693
0.01421	-0.01596
0.01314	-0.01499
0.01208	-0.01403
0.01101	-0.01307
0.009936	-0.01211
0.008863	-0.01116
0.007789	-0.01021
0.006712	-0.009267
0.005633	-0.008329
0.004553	-0.007394
0.003472	-0.006463
0.00239	-0.005536
0.001305	-0.004616
0.0002188	-0.003699
-0.0008678	-0.002787
-0.001957	-0.001877
-0.002074	-0.001989
-0.002535	-0.001747
-0.002999	-0.001507
-0.003465	-0.001272
-0.003933	-0.00104
-0.004402	-0.0008117
-0.004874	-0.000587
-0.005347	-0.0003666
-0.005821	-0.000151
-0.006295	6.036e-05
-0.006772	0.0002679
-0.007249	0.0004713
-0.007725	0.0006678
-0.008201	0.00086
-0.008678	0.001048
-0.009156	0.001231
-0.009633	0.001408
-0.01011	0.001578
-0.01058	0.001744
-0.01106	0.001904
-0.01153	0.002059
-0.012	0.002204
-0.01247	0.002345
-0.01294	0.00248
-0.0134	0.00261
-0.01387	0.002729
-0.01433	0.002841
-0.01478	0.002949
-0.01524	0.00305
-0.01569	0.003141
-0.01614	0.003223
-0.01659	0.003299
-0.01703	0.003369
-0.01747	0.00343
-0.0179	0.003478
-0.01833	0.00352
-0.01876	0.003556
-0.01918	0.003584
-0.01959	0.003597
-0.02	0.003601
-0.02041	0.003599
-0.02081	0.00359
-0.02121	0.003567
-0.0216	0.003531
-0.02198	0.003489
-0.02236	0.003438
-0.02274	0.003377
-0.0231	0.003299
-0.02346	0.003213
-0.02382	0.003118
-0.02417	0.003015
-0.02451	0.002894
-0.02484	0.002761
-0.02516	0.00262
-0.02549	0.002471
-0.0258	0.002306
-0.0261	0.002125
-0.0264	0.001935
-0.02669	0.001737
-0.02698	0.001527
-0.02725	0.001296
-0.02751	0.001056
-0.02777	0.0008059
-0.02803	0.0005463
-0.02827	0.000267
-0.0285	-2.524e-05
-0.02872	-0.0003268
-0.02894	-0.0006385
-0.02915	-0.0009656
-0.02935	-0.001311
-0.02954	-0.001664
-0.02972	-0.002029
-0.0299	-0.002404
-0.03006	-0.002802
-0.03021	-0.003208
-0.03035	-0.003624
-0.03049	-0.00405
-0.03061	-0.004495
-0.03073	-0.004953
-0.03083	-0.005419
-0.03093	-0.005896
-0.03101	-0.006387
-0.03109	-0.006896
-0.03115	-0.007409
-0.0312	-0.007933
-0.03125	-0.008468
-0.03129	-0.009022
-0.03131	-0.009581
-0.03132	-0.01015
-0.03132	-0.01073
-0.03132	-0.01132
-0.0313	-0.01192
-0.03126	-0.01253
-0.03122	-0.01314
-0.03117	-0.01377
-0.03111	-0.01441
-0.03104	-0.01505
-0.03095	-0.0157
-0.03085	-0.01636
-0.03075	-0.01702
-0.03063	-0.01769
-0.0305	-0.01836
-0.03036	-0.01905
-0.03021	-0.01974
-0.03005	-0.02043
-0.02987	-0.02112
-0.02968	-0.02182
-0.02949	-0.02252
-0.02929	-0.02323
-0.02907	-0.02393
-0.02883	-0.02463
-0.02858	-0.02534
-0.02834	-0.02605
-0.02808	-0.02676
-0.0278	-0.02746
-0.02751	-0.02817
-0.02722	-0.02888
-0.02693	-0.02958
-0.0266	-0.03027
-0.02626	-0.03096
-0.02592	-0.03166
-0.02559	-0.03235
-0.02522	-0.03302
-0.02484	-0.03369
-0.02445	-0.03436
-0.02408	-0.03503
-0.02368	-0.03568
-0.02325	-0.03631
-0.02282	-0.03696
-0.02239	-0.03759
-0.02197	-0.03821
-0.0215	-0.03881
-0.02103	-0.03941
-0.02055	-0.04001
-0.02009	-0.04059
-0.0196	-0.04114
-0.01908	-0.04169
-0.01856	-0.04224
-0.01805	-0.04277
-0.01753	-0.04328
-0.01698	-0.04377
-0.01638	-0.04422
-0.01567	-0.04456
-0.01499	-0.04488
-0.01425	-0.04517
-0.01352	-0.04547
-0.01277	-0.04577
-0.01206	-0.04603
-0.01132	-0.04627
-0.01056	-0.04651
-0.009794	-0.04675
-0.00905	-0.04697
-0.008302	-0.04717
-0.007525	-0.04735
-0.006743	-0.04753
-0.005969	-0.04771
-0.005218	-0.04786
-0.004431	-0.04798
-0.003638	-0.0481
-0.002842	-0.04823
-0.002079	-0.04833
-0.001296	-0.0484
-0.0004975	-0.04847
0.0003041	-0.04855
0.001086	-0.0486
0.001862	-0.04863
0.002661	-0.04865
0.003463	-0.04867
0.004259	-0.04868
0.005028	-0.04866
0.00582	-0.04863
0.006617	-0.0486
0.007416	-0.04857
0.008185	-0.04851
0.008961	-0.04844
0.009748	-0.04836
0.01054	-0.04828
0.01131	-0.04819
0.01207	-0.04807
0.01284	-0.04795
0.01361	-0.04783
0.01438	-0.04771
0.01512	-0.04755
0.01587	-0.04739
0.01662	-0.04723
0.01738	-0.04707
0.0181	-0.04689
0.01883	-0.04669
0.01955	-0.0465
0.02028	-0.04631
0.02099	-0.0461
0.02169	-0.04587
0.02238	-0.04565
0.02308	-0.04542
0.02377	-0.04519
0.02444	-0.04494
0.0251	-0.04469
0.02576	-0.04443
0.02642	-0.04418
0.02706	-0.04391
0.02768	-0.04363
0.0283	-0.04336
0.02892	-0.04309
0.02953	-0.04281
0.03012	-0.04251
0.03064	-0.04216
0.03104	-0.0417
0.03144	-0.04122
0.03181	-0.04073
0.03217	-0.04024
0.03252	-0.03977
0.03288	-0.03929
0.03321	-0.03879
0.03353	-0.0383
0.03384	-0.03782
0.03414	-0.03733
0.03444	-0.03685
0.03472	-0.03634
0.03498	-0.03587
0.03523	-0.03539
0.03549	-0.03491
0.03572	-0.03442
0.03594	-0.03394
0.03614	-0.03347
0.03635	-0.033
0.03654	-0.03253
0.03672	-0.03205
0.03687	-0.0316
0.03703	-0.03115
0.03718	-0.03069
0.03732	-0.03022
0.03743	-0.02979
0.03753	-0.02935
0.03764	-0.02892
0.03773	-0.02847
0.0378	-0.02805
0.03786	-0.02763
0.03791	-0.02722
0.03796	-0.0268
0.038	-0.02639
0.03801	-0.026
0.03801	-0.02562
0.03802	-0.02523
0.03802	-0.02483
0.03799	-0.02447
0.03795	-0.02411
0.03791	-0.02375
0.03787	-0.02338
0.03781	-0.02303
0.03773	-0.0227
0.03765	-0.02236
0.03756	-0.02203
0.03747	-0.02169
0.03735	-0.02139
0.03723	-0.02108
0.03711	-0.02077
0.03699	-0.02046
0.03684	-0.02017
0.03668	-0.01989
0.03653	-0.01961
0.03637	-0.01933
0.03619	-0.01906
0.03601	-0.0188
0.03582	-0.01854
0.03563	-0.01828
0.03544	-0.01802
0.03522	-0.01778
0.03501	-0.01755
0.03479	-0.01731
0.03458	-0.01707
0.03434	-0.01685
0.03411	-0.01663
0.03387	-0.01641
0.03363	-0.01618
0.03339	-0.01597
0.03313	-0.01576
0.03288	-0.01556
0.03262	-0.01535
0.03237	-0.01515
0.0321	-0.01495
0.03183	-0.01475
0.03157	-0.01456
0.0313	-0.01436
0.03103	-0.01417
0.03076	-0.01399
0.03049	-0.0138
0.03021	-0.01361
0.02994	-0.01343
0.02966	-0.01325
0.02939	-0.01306
0.02911	-0.01288
0.02884	-0.0127
0.02857	-0.01253
0.02829	-0.01235
0.02802	-0.01217
0.02775	-0.01199
0.02748	-0.01182
0.02721	-0.01164
0.02694	-0.01147
0.02667	-0.01129
0.0264	-0.01112
0.02614	-0.01095
0.02588	-0.01078
0.02561	-0.01061
0.02535	-0.01044
0.0251	-0.01027
0.02484	-0.0101
0.02458	-0.009934
0.02432	-0.009771
0.02407	-0.009608
0.02382	-0.009446
0.02356	-0.009283
0.02331	-0.009124
0.02306	-0.008967
0.02281	-0.008814
0.02255	-0.00866
0.0223	-0.008508
0.02205	-0.008358
0.02179	-0.008216
0.02154	-0.008075
0.02128	-0.007934
0.02102	-0.007796
0.02076	-0.007664
0.02049	-0.00754
0.02022	-0.007415
0.01995	-0.007291
0.01968	-0.00717
0.01939	-0.007067
0.0191	-0.006964
0.01881	-0.00686
0.01852	-0.006756
0.01821	-0.006672
0.01789	-0.006594
0.01758	-0.006517
0.01726	-0.006437
0.01692	-0.006371
0.01656	-0.006324
0.01621	-0.006278
0.01585	-0.00623
0.01548	-0.00618
0.01507	-0.006171
0.01467	-0.006161
0.01426	-0.006151
0.01385	-0.006134
0.0134	-0.006151
0.01293	-0.006183
0.01247	-0.006214
0.012	-0.006239
0.0115	-0.00628
0.01097	-0.006357
0.01044	-0.006433
0.009904	-0.006506
0.009362	-0.006572
0.008759	-0.006698
0.008155	-0.006823
0.007552	-0.006948
0.006938	-0.007063
0.006282	-0.007218
0.005602	-0.007395
0.004923	-0.007572
0.004237	-0.007743
0.003528	-0.007929
0.002772	-0.00816
0.002015	-0.008391
0.001257	-0.00862
0.0004923	-0.008842
-0.0003345	-0.009125
-0.001166	-0.009411
-0.001997	-0.009698
-0.002833	-0.009979
-0.003707	-0.0103
-0.004607	-0.01064
-0.005508	-0.01098
-0.006409	-0.01132
-0.007325	-0.01168
-0.008287	-0.01208
-0.009249	-0.01247
-0.01021	-0.01287
-0.01117	-0.01328
-0.01217	-0.01372
-0.01318	-0.01418
-0.0142	-0.01463
-0.0152	-0.0151
-0.01622	-0.01558
-0.01727	-0.01609
-0.01832	-0.0166
-0.01936	-0.01712
-0.0204	-0.01765
-0.02147	-0.01821
-0.02253	-0.01877
-0.0236	-0.01933
-0.02464	-0.01992
-0.02571	-0.02052
-0.02678	-0.02113
-0.02785	-0.02174
-0.0289	-0.02238
-0.02995	-0.02303
-0.031	-0.02368
-0.03206	-0.02434
-0.0331	-0.02502
-0.03412	-0.02571
-0.03515	-0.02642
-0.03617	-0.02712
-0.03719	-0.02782
-0.03817	-0.02857
-0.03915	-0.02932
-0.04012	-0.03006
-0.0411	-0.0308
-0.04204	-0.03158
-0.04296	-0.03237
-0.04387	-0.03316
-0.04478	-0.03394
-0.04567	-0.03474
-0.04653	-0.03558
-0.04736	-0.03639
-0.0482	-0.03721
-0.04903	-0.03803
-0.04981	-0.0389
-0.05057	-0.03976
-0.05131	-0.04061
-0.05206	-0.04145
-0.05277	-0.04234
-0.05344	-0.04324
-0.0541	-0.04412
-0.05475	-0.04499
-0.05538	-0.04589
-0.05598	-0.04682
-0.05653	-0.04772
-0.05708	-0.04862
-0.05763	-0.04952
-0.05813	-0.05048
-0.0586	-0.05142
-0.05905	-0.05234
-0.0595	-0.05326
-0.05992	-0.05422
-0.0603	-0.05519
-0.06065	-0.05613
-0.061	-0.05707
-0.06134	-0.05802
-0.06164	-0.05901
-0.06189	-0.05997
-0.06215	-0.06092
-0.0624	-0.06188
-0.06261	-0.06287
-0.0628	-0.06386
-0.06296	-0.06482
-0.06312	-0.06579
-0.06326	-0.06677
-0.06337	-0.06778
-0.06345	-0.06875
-0.06353	-0.06972
-0.06361	-0.07069
-0.06365	-0.0717
-0.06366	-0.07268
-0.06366	-0.07366
-0.06367	-0.07463
-0.06365	-0.07563
-0.0636	-0.07662
-0.06354	-0.07759
-0.06348	-0.07856
-0.06341	-0.07954
-0.06332	-0.08053
-0.0632	-0.0815
-0.06308	-0.08246
-0.06296	-0.08342
-0.06283	-0.0844
-0.06267	-0.08536
-0.0625	-0.08631
-0.06234	-0.08726
-0.06216	-0.08822
-0.06198	-0.08916
-0.06177	-0.09009
-0.06157	-0.09102
-0.06136	-0.09195
-0.06116	-0.09288
-0.06092	-0.09378
-0.06068	-0.09469
-0.06045	-0.09559
-0.06022	-0.09649
-0.05997	-0.09737
-0.05971	-0.09824
-0.05945	-0.09911
-0.0592	-0.09997
-0.05894	-0.1008
-0.05866	-0.1016
-0.05838	-0.1025
-0.05811	-0.1033
-0.05785	-0.1041
-0.05755	-0.1049
-0.05726	-0.1057
-0.05697	-0.1064
-0.0567	-0.1072
-0.05641	-0.1079
-0.0561	-0.1087
-0.05579	-0.1094
-0.05551	-0.1101
-0.05522	-0.1108
-0.0549	-0.1114
-0.05458	-0.1121
-0.05427	-0.1128
-0.05399	-0.1134
-0.05366	-0.114
-0.05333	-0.1146
-0.053	-0.1152
-0.0527	-0.1157
-0.05237	-0.1162
-0.05203	-0.1168
-0.05168	-0.1173
-0.05135	-0.1178
-0.05103	-0.1182
-0.05066	-0.1186
-0.0503	-0.1191
-0.04994	-0.1195
-0.04961	-0.1199
-0.04922	-0.1202
-0.04883	-0.1205
-0.04844	-0.1209
-0.04807	-0.1211
-0.04768	-0.1214
-0.04726	-0.1216
-0.04683	-0.1218
-0.04642	-0.1221
-0.04602	-0.1222
-0.04555	-0.1223
-0.04508	-0.1224
-0.04462	-0.1226
-0.04419	-0.1226
-0.04369	-0.1226
-0.04317	-0.1226
-0.04265	-0.1226
-0.04216	-0.1226
-0.04163	-0.1225
-0.04105	-0.1223
-0.04048	-0.1222
-0.03991	-0.122
-0.03936	-0.1218
-0.03871	-0.1216
-0.03807	-0.1213
-0.03743	-0.121
-0.03682	-0.1207
-0.03612	-0.1203
-0.0354	-0.1199
-0.03468	-0.1195
-0.03399	-0.119
-0.03326	-0.1185
-0.03245	-0.1179
-0.03165	-0.1174
-0.03086	-0.1168
-0.03009	-0.1161
-0.02919	-0.1154
-0.0283	-0.1147
-0.02741	-0.114
-0.02655	-0.1132
-0.02561	-0.1123
-0.02462	-0.1114
-0.02364	-0.1106
-0.02267	-0.1096
-0.02168	-0.1087
-0.0206	-0.1076
-0.01952	-0.1066
-0.01844	-0.1055
-0.0174	-0.1044
-0.01622	-0.1032
-0.01504	-0.102
-0.01386	-0.1008
-0.01271	-0.09951
-0.01149	-0.09818
-0.01021	-0.0968
-0.008932	-0.09542
-0.007675	-0.09402
-0.006401	-0.09257
-0.005029	-0.09103
-0.003658	-0.08949
-0.002295	-0.08794
-0.0009597	-0.08637
0.0004862	-0.08468
0.001945	-0.08299
0.003404	-0.08129
0.004831	-0.07956
0.006316	-0.07777
0.007854	-0.07593
0.009391	-0.07408
0.01091	-0.07222
0.01243	-0.07031
0.01404	-0.06833
0.01564	-0.06635
0.01724	-0.06436
0.01881	-0.06233
0.02045	-0.06023
0.02211	-0.05812
0.02377	-0.056
0.0254	-0.05386
0.02705	-0.05166
0.02875	-0.04943
0.03044	-0.0472
0.03212	-0.04495
0.03378	-0.04267
0.03549	-0.04034
0.03721	-0.038
0.03892	-0.03567
0.04059	-0.03329
0.04229	-0.03088
0.044	-0.02846
0.04572	-0.02604
0.0474	-0.02359
0.04907	-0.02111
0.05076	-0.01863
0.05245	-0.01614
0.05412	-0.01364
0.05577	-0.0111
0.05741	-0.00857
0.05905	-0.006037
0.0607	-0.003502
0.06229	-0.000921
0.06388	0.001645
0.06545	0.004204
0.06703	0.006763
0.06857	0.009354
0.07009	0.01195
0.07157	0.01451
0.07306	0.01707
0.07453	0.01965
0.07597	0.02226
0.07734	0.0248
0.07871	0.02734
0.08009	0.02988
0.08142	0.03247
0.0827	0.035
0.08394	0.0375
0.08518	0.04
0.0864	0.04252
0.08758	0.04503
0.08867	0.04747
0.08977	0.0499
0.09086	0.05234
0.09192	0.05481
0.09287	0.05717
0.09381	0.05952
0.09474	0.06187
0.09565	0.06424
0.09648	0.06654
0.09725	0.06879
0.09802	0.07103
0.09878	0.07329
0.09949	0.07552
0.1001	0.07765
0.1007	0.07977
0.1013	0.0819
0.1019	0.08404
0.1023	0.08605
0.1027	0.08805
0.1032	0.09004
0.1036	0.09205
0.1039	0.09398
0.1042	0.09584
0.1044	0.0977
0.1047	0.09956
0.1049	0.1014
0.105	0.1031
0.1051	0.1049
0.1052	0.1066
0.1053	0.1083
0.1053	0.1099
0.1053	0.1115
0.1053	0.1131
0.1053	0.1147
0.1052	0.1163
0.105	0.1178
0.1049	0.1192
0.1047	0.1207
0.1046	0.1222
0.1044	0.1236
0.1041	0.125
0.1039	0.1264
0.1037	0.1278
0.1034	0.1292
0.1031	0.1305
0.1028	0.1318
0.1025	0.1332
0.1022	0.1345
0.1019	0.1358
0.1016	0.1371
0.1012	0.1384
0.1009	0.1398
0.1006	0.1411
0.1003	0.1424
0.09996	0.1438
0.09964	0.1451
0.09935	0.1465
0.09907	0.1479
0.0988	0.1493
0.09852	0.1507
0.09826	0.1521
0.09807	0.1536
0.09787	0.1551
0.09767	0.1566
0.09745	0.1582
0.09736	0.1598
0.09728	0.1615
0.0972	0.1632
0.09709	0.1649
0.09708	0.1667
0.09714	0.1686
0.0972	0.1704
0.09724	0.1724
0.0973	0.1743
0.09754	0.1765
0.09777	0.1786
0.09799	0.1808
0.09816	0.183
0.09856	0.1854
0.09899	0.1879
0.09942	0.1904
0.09978	0.1929
0.1003	0.1956
0.1009	0.1984
0.1016	0.2012
0.1022	0.204
0.1028	0.207
0.1036	0.2102
0.1045	0.2134
0.1053	0.2166
0.1061	0.2199
0.1071	0.2235
0.1082	0.2271
0.1093	0.2307
0.1103	0.2344
0.1114	0.2383
0.1127	0.2423
0.114	0.2464
0.1153	0.2505
0.1165	0.2547
0.118	0.2591
0.1194	0.2636
0.1209	0.2681
0.1223	0.2727
0.1239	0.2776
0.1255	0.2825
0.1272	0.2874
0.1288	0.2924
0.1304	0.2976
0.1322	0.3029
0.134	0.3083
0.1358	0.3136
0.1374	0.3191
0.1393	0.3249
0.1412	0.3306
0.1431	0.3363
0.1449	0.3422
0.1467	0.3483
0.1487	0.3544
0.1507	0.3605
0.1525	0.3667
0.1543	0.373
0.1563	0.3794
0.1582	0.3858
0.1601	0.3923
0.1619	0.3989
0.1638	0.4056
0.1657	0.4123
0.1676	0.419
0.1694	0.4258
0.1711	0.4327
0.1729	0.4396
0.1747	0.4465
0.1763	0.4535
0.178	0.4606
0.1796	0.4676
0.1812	0.4747
0.1827	0.4818
0.1842	0.489
0.1855	0.4961
0.1869	0.5032
0.1883	0.5104
0.1895	0.5176
0.1907	0.5248
0.1917	0.5319
0.1928	0.539
0.1938	0.5462
0.1947	0.5534
0.1955	0.5604
0.1962	0.5674
0.1969	0.5745
0.1976	0.5816
0.198	0.5885
0.1983	0.5953
0.1987	0.6022
0.199	0.6091
0.1991	0.6158
0.1991	0.6224
0.199	0.6289
0.199	0.6355
0.1989	0.642
0.1984	0.6482
0.1979	0.6544
0.1975	0.6606
0.197	0.6667
0.1962	0.6725
0.1953	0.6782
0.1944	0.6839
0.1936	0.6895
0.1926	0.6949
0.1913	0.7
0.1899	0.7051
0.1887	0.7102
0.1875	0.7151
0.1858	0.7195
0.1841	0.724
0.1823	0.7284
0.1809	0.7326
0.1789	0.7363
0.1769	0.74
0.1748	0.7436
0.1729	0.747
0.1709	0.7501
0.1685	0.7528
0.1662	0.7556
0.1639	0.7581
0.1619	0.7605
0.1593	0.7622
0.1566	0.7639
0.154	0.7657
0.1518	0.7669
0.1492	0.7678
0.1464	0.7684
0.1436	0.769
0.1412	0.7693
0.1387	0.7692
0.1358	0.7687
0.1329	0.7681
0.1302	0.7674
0.1279	0.7662
0.125	0.7645
0.1221	0.7627
0.1192	0.7609
0.1169	0.7584
0.1143	0.7555
0.1115	0.7524
0.1087	0.7493
0.1062	0.7458
0.104	0.7417
0.1014	0.7372
0.09868	0.7328
0.09617	0.7281
0.09431	0.7228
0.09194	0.717
0.08951	0.7111
0.08707	0.7052
0.08537	0.6986
0.0835	0.6915
0.08138	0.6842
0.07926	0.6769
0.07758	0.6692
0.07625	0.6609
0.0745	0.6522
0.07275	0.6435
0.07113	0.6346
0.07028	0.625
0.06904	0.615
0.06771	0.6049
0.06638	0.5948
0.06576	0.584
0.06512	0.5727
0.06425	0.5613
0.06338	0.5499
0.06289	0.5381
0.06284	0.5257
0.06245	0.513
0.06205	0.5002
0.06172	0.4875
0.06215	0.4739
0.06232	0.4601
0.0624	0.4462
0.06248	0.4322
0.06312	0.4178
0.06384	0.4029
0.06438	0.3879
0.06493	0.373
0.06573	0.3577
0.06695	0.342
0.06792	0.326
0.0689	0.31
0.06989	0.2941
0.07146	0.2775
0.07289	0.2608
0.07426	0.244
0.07562	0.2272
0.07732	0.21
0.07912	0.1927
0.08082	0.1752
0.08252	0.1577
0.08434	0.1401
0.08642	0.1223
0.08839	0.1043
0.09035	0.08629
0.09232	0.0683
0.09454	0.05005
0.09672	0.03174
0.09888	0.0134
0.101	-0.004936
0.1033	-0.02336
0.1056	-0.04186
0.1079	-0.06037
0.1101	-0.07888
0.1124	-0.0974
0.1147	-0.1159
0.117	-0.1344
0.1193	-0.153
0.1216	-0.1715
0.1238	-0.1899
0.1261	-0.2083
0.1283	-0.2266
0.1306	-0.2449
0.1327	-0.2631
0.1348	-0.2812
0.1369	-0.2992
0.139	-0.3172
0.1411	-0.3351
0.1429	-0.3528
0.1448	-0.3703
0.1467	-0.3878
0.1486	-0.4052
0.1502	-0.4223
0.1518	-0.4393
0.1534	-0.4561
0.1551	-0.4729
0.1565	-0.4895
0.1576	-0.5057
0.1589	-0.5217
0.1602	-0.5377
0.1614	-0.5537
0.1621	-0.569
0.163	-0.5842
0.1639	-0.5993
0.1648	-0.6144
0.1651	-0.6289
0.1655	-0.6431
0.1659	-0.6572
0.1664	-0.6713
0.1665	-0.685
0.1662	-0.6982
0.1662	-0.7111
0.1662	-0.7241
0.1662	-0.737
0.1653	-0.749
0.1647	-0.7608
0.1642	-0.7726
0.1636	-0.7843
0.1625	-0.7954
0.1612	-0.8061
0.1602	-0.8165
0.1591	-0.827
0.1578	-0.8371
0.1558	-0.8466
0.1542	-0.8558
0.1527	-0.865
0.1511	-0.8741
0.1486	-0.8823
0.1464	-0.8903
0.1442	-0.8981
0.1421	-0.906
0.1394	-0.9132
0.1365	-0.92
0.1339	-0.9265
0.1313	-0.933
0.1284	-0.9393
0.1249	-0.9449
0.1218	-0.9501
0.1186	-0.9553
0.1155	-0.9605
0.1116	-0.9649
0.1079	-0.969
0.1043	-0.9729
0.1007	-0.9768
0.09664	-0.9802
0.09233	-0.9832
0.08833	-0.9859
0.08432	-0.9886
0.08016	-0.9911
0.0754	-0.993
0.07099	-0.9945
0.06663	-0.9961
0.06227	-0.9976
0.05732	-0.9985
0.05247	-0.9991
0.0478	-0.9995
0.04314	-0.9999
0.03817	-1
0.03295	-0.9997
0.02805	-0.9991
0.02315	-0.9985
0.01817	-0.9978
0.01272	-0.9966
0.007579	-0.9952
0.002506	-0.9936
-0.002566	-0.9921
-0.008007	-0.9902
-0.01338	-0.988
-0.01855	-0.9856
-0.02373	-0.9833
-0.02907	-0.9807
-0.03459	-0.9779
-0.0398	-0.9748
-0.04501	-0.9716
-0.05024	-0.9685
-0.05575	-0.965
-0.06101	-0.9613
-0.06617	-0.9576
-0.07134	-0.9538
-0.07668	-0.9499
-0.08194	-0.9457
-0.08701	-0.9414
-0.09208	-0.937
-0.0972	-0.9327
-0.1024	-0.9281
-0.1073	-0.9234
-0.1122	-0.9186
-0.1171	-0.9138
-0.1221	-0.9089
-0.1268	-0.9038
-0.1315	-0.8986
-0.1362	-0.8935
-0.1408	-0.8883
-0.1454	-0.883
-0.1498	-0.8776
-0.1542	-0.8721
-0.1586	-0.8667
-0.1629	-0.8613
-0.167	-0.8556
-0.171	-0.8499
-0.1751	-0.8443
-0.179	-0.8387
-0.1828	-0.833
-0.1865	-0.8272
-0.1902	-0.8214
-0.1937	-0.8157
-0.1972	-0.81
-0.2005	-0.8042
-0.2037	-0.7983
-0.207	-0.7925
-0.21	-0.7868
-0.2129	-0.781
-0.2157	-0.7751
-0.2185	-0.7693
-0.2211	-0.7636
-0.2236	-0.7579
-0.226	-0.7521
-0.2283	-0.7462
-0.2306	-0.7406
-0.2326	-0.735
-0.2345	-0.7292
-0.2364	-0.7235
-0.2382	-0.7178
-0.2398	-0.7124
-0.2413	-0.7068
-0.2427	-0.7012
-0.2441	-0.6956
-0.2452	-0.6902
-0.2462	-0.6848
-0.2472	-0.6794
-0.2481	-0.6739
-0.2489	-0.6686
-0.2494	-0.6634
-0.2499	-0.6581
-0.2503	-0.6528
-0.2507	-0.6475
-0.2509	-0.6425
-0.2509	-0.6374
-0.2509	-0.6323
-0.2508	-0.6272
-0.2506	-0.6223
-0.2502	-0.6174
-0.2497	-0.6124
-0.2493	-0.6075
-0.2487	-0.6026
-0.2479	-0.598
-0.2471	-0.5932
-0.2462	-0.5884
-0.2453	-0.5836
-0.2441	-0.5791
-0.2429	-0.5745
-0.2416	-0.5699
-0.2403	-0.5653
-0.2389	-0.5609
-0.2374	-0.5565
-0.2357	-0.552
-0.2341	-0.5475
-0.2324	-0.5432
-0.2306	-0.5389
-0.2286	-0.5346
-0.2267	-0.5303
-0.2248	-0.526
-0.2227	-0.5218
-0.2205	-0.5177
-0.2183	-0.5135
-0.2161	-0.5093
-0.2138	-0.5052
-0.2114	-0.5012
-0.209	-0.4971
-0.2065	-0.493
-0.2041	-0.489
-0.2015	-0.4851
-0.1989	-0.4811
-0.1963	-0.4771
-0.1937	-0.4732
-0.191	-0.4693
-0.1883	-0.4654
-0.1855	-0.4615
-0.1828	-0.4576
-0.18	-0.4538
-0.1772	-0.45
-0.1744	-0.4462
-0.1716	-0.4424
-0.1687	-0.4386
-0.1658	-0.4349
-0.163	-0.4312
-0.1601	-0.4274
-0.1572	-0.4237
-0.1543	-0.42
-0.1515	-0.4163
-0.1486	-0.4127
-0.1457	-0.409
-0.1428	-0.4053
-0.14	-0.4017
-0.1371	-0.3981
-0.1343	-0.3945
-0.1314	-0.3909
-0.1286	-0.3873
-0.1258	-0.3837
-0.1231	-0.3802
-0.1203	-0.3767
-0.1175	-0.3731
-0.1148	-0.3696
-0.1121	-0.3661
-0.1095	-0.3626
-0.1068	-0.3592
-0.1042	-0.3557
-0.1016	-0.3522
-0.09906	-0.3488
-0.09651	-0.3454
-0.09399	-0.342
-0.09155	-0.3386
-0.08914	-0.3352
-0.08673	-0.3319
-0.08434	-0.3285
-0.08202	-0.3251
-0.07976	-0.3219
-0.07751	-0.3186
-0.07526	-0.3153
-0.07306	-0.312
-0.07097	-0.3087
-0.06887	-0.3055
-0.06678	-0.3023
-0.06474	-0.299
-0.06278	-0.2959
-0.06086	-0.2927
-0.05894	-0.2896
-0.05705	-0.2864
-0.05522	-0.2832
-0.05347	-0.2801
-0.05172	-0.2771
-0.04999	-0.274
-0.04829	-0.2708
-0.04671	-0.2678
-0.04513	-0.2648
-0.04355	-0.2618
-0.04202	-0.2588
-0.04057	-0.2558
-0.03915	-0.2528
-0.03774	-0.2499
-0.03636	-0.2469
-0.03502	-0.2439
-0.03377	-0.241
-0.03252	-0.2381
-0.03128	-0.2352
-0.03007	-0.2323
-0.02896	-0.2295
-0.02786	-0.2266
-0.02675	-0.2238
-0.02569	-0.2209
-0.02469	-0.2181
-0.02373	-0.2153
-0.02276	-0.2125
-0.02183	-0.2096
-0.02093	-0.2068
-0.0201	-0.204
-0.01927	-0.2013
-0.01845	-0.1985
-0.01767	-0.1957
-0.01695	-0.1929
-0.01624	-0.1901
-0.01553	-0.1874
-0.01486	-0.1846
-0.01423	-0.1818
-0.01364	-0.179
-0.01304	-0.1762
-0.01247	-0.1734
-0.01194	-0.1706
-0.01144	-0.1678
-0.01095	-0.1651
-0.01046	-0.1623
-0.01003	-0.1594
-0.009629	-0.1566
-0.009231	-0.1538
-0.008834	-0.151
-0.008488	-0.1481
-0.008168	-0.1452
-0.007859	-0.1423
-0.007551	-0.1395
-0.007271	-0.1366
-0.007036	-0.1336
-0.006809	-0.1307
-0.006581	-0.1277
-0.006357	-0.1248
-0.006206	-0.1218
-0.006054	-0.1187
-0.0059	-0.1157
-0.005747	-0.1127
-0.005647	-0.1096
-0.005567	-0.1065
-0.00548	-0.1034
-0.005392	-0.1003
-0.00533	-0.09714
-0.00532	-0.09395
-0.005289	-0.09073
-0.005258	-0.08751
-0.005227	-0.0843
-0.005269	-0.08101
-0.005294	-0.0777
-0.00531	-0.07437
-0.005325	-0.07105
-0.005384	-0.06769
-0.005458	-0.06429
-0.005508	-0.06086
-0.005558	-0.05743
-0.005624	-0.05399
-0.005736	-0.0505
-0.00581	-0.04697
-0.005882	-0.04345
-0.005953	-0.03992
-0.006072	-0.03634
-0.006169	-0.03273
-0.006249	-0.02911
-0.006328	-0.02549
-0.006429	-0.02184
-0.006537	-0.01817
-0.006609	-0.01446
-0.006682	-0.01076
-0.006759	-0.007046
-0.006856	-0.003314
-0.006913	0.0004567
-0.006964	0.004233
-0.007014	0.008009
-0.007073	0.01179
-0.007109	0.0156
-0.007123	0.01943
-0.007137	0.02326
-0.007148	0.02708
-0.007149	0.03091
-0.007113	0.03478
-0.007077	0.03864
-0.007038	0.0425
-0.00698	0.04634
-0.00689	0.05021
-0.006792	0.05409
-0.006694	0.05797
-0.006567	0.06182
-0.006417	0.06567
-0.006247	0.06954
-0.006077	0.07342
-0.005886	0.07727
-0.005664	0.08109
-0.005415	0.08494
-0.005166	0.08879
-0.004913	0.09263
-0.004604	0.09642
-0.004278	0.1002
-0.003946	0.104
-0.003614	0.1078
-0.003233	0.1116
-0.002826	0.1153
-0.002411	0.1191
-0.001995	0.1228
-0.001553	0.1265
-0.001062	0.1302
-0.0005651	0.1339
-6.848e-05	0.1376
0.0004285	0.1412
0.001003	0.1448
0.001576	0.1484
0.002148	0.152
0.002719	0.1556
0.003342	0.1591
0.003987	0.1626
0.004625	0.1661
0.005263	0.1696
0.005922	0.1731
0.006635	0.1765
0.007327	0.1799
0.008019	0.1833
0.008711	0.1867
0.009467	0.19
0.01021	0.1934
0.01094	0.1967
0.01167	0.2
0.01244	0.2032
0.01322	0.2064
0.01398	0.2097
0.01473	0.2129
0.0155	0.216
0.0163	0.2192
0.01707	0.2223
0.01783	0.2254
0.01859	0.2285
0.01938	0.2316
0.02015	0.2346
0.0209	0.2377
0.02165	0.2407
0.02241	0.2437
0.02317	0.2467
0.02389	0.2496
0.02461	0.2526
0.02532	0.2555
0.02605	0.2585
0.02673	0.2613
0.0274	0.2642
0.02806	0.2671
0.02873	0.27
0.02936	0.2728
0.02996	0.2757
0.03056	0.2785
0.03116	0.2813
0.03173	0.2841
0.03225	0.2869
0.03277	0.2897
0.03329	0.2925
0.03378	0.2953
0.03421	0.298
0.03464	0.3008
0.03506	0.3035
0.03545	0.3063
0.03581	0.309
0.03613	0.3118
0.03644	0.3145
0.03674	0.3172
0.037	0.32
0.0372	0.3227
0.03741	0.3254
0.03761	0.3281
0.03775	0.3309
0.03785	0.3336
0.03792	0.3363
0.038	0.339
0.03804	0.3418
0.03803	0.3446
0.03798	0.3473
0.03793	0.35
0.03786	0.3527
0.03775	0.3555
0.03757	0.3582
0.0374	0.361
0.03722	0.3637
0.03698	0.3665
0.0367	0.3692
0.03639	0.372
0.03609	0.3747
0.03575	0.3775
0.03536	0.3803
0.03494	0.383
0.03451	0.3858
0.03407	0.3885
0.03358	0.3913
0.03304	0.3941
0.03249	0.3968
0.03195	0.3996
0.03135	0.4024
0.03072	0.4052
0.03006	0.4079
0.0294	0.4107
0.02872	0.4135
0.028	0.4163
0.02724	0.419
0.02648	0.4218
0.02571	0.4245
0.02492	0.4273
0.02407	0.43
0.02322	0.4327
0.02236	0.4355
0.02149	0.4382
0.02059	0.4409
0.01965	0.4436
0.01872	0.4463
0.01778	0.449
0.01683	0.4517
0.01583	0.4543
0.01483	0.4569
0.01383	0.4596
0.01284	0.4622
0.01179	0.4648
0.01074	0.4673
0.009684	0.4699
0.008651	0.4724
0.007594	0.4749
0.006501	0.4774
0.005407	0.4798
0.004334	0.4823
0.003281	0.4847
0.002164	0.487
0.001048	0.4894
-6.403e-05	0.4917
-0.001115	0.494
-0.00222	0.4962
-0.003344	0.4984
-0.004468	0.5006
-0.005533	0.5028
-0.006603	0.5049
-0.00772	0.5069
-0.008837	0.509
-0.009918	0.511
-0.01094	0.5129
-0.01203	0.5148
-0.01313	0.5167
-0.01422	0.5185
-0.0152	0.5203
-0.01624	0.522
-0.0173	0.5237
-0.01836	0.5253
-0.01934	0.5269
-0.0203	0.5284
-0.02131	0.5299
-0.02233	0.5313
-0.0233	0.5327
-0.02418	0.534
-0.02513	0.5353
-0.02609	0.5365
-0.02705	0.5377
-0.02787	0.5388
-0.02873	0.5398
-0.02962	0.5408
-0.03052	0.5417
-0.03132	0.5426
-0.03207	0.5434
-0.0329	0.5441
-0.03372	0.5448
-0.0345	0.5455
-0.03516	0.5461
-0.0359	0.5465
-0.03664	0.547
-0.03739	0.5474
-0.03799	0.5477
-0.03861	0.548
-0.03928	0.5482
-0.03995	0.5483
-0.04052	0.5484
-0.04103	0.5484
-0.04162	0.5483
-0.04221	0.5483
-0.04276	0.5481
-0.04317	0.5479
-0.04366	0.5475
-0.04417	0.5472
-0.04467	0.5468
-0.04503	0.5463
-0.04541	0.5457
-0.04583	0.5451
-0.04625	0.5445
-0.0466	0.5437
-0.04686	0.5429
-0.04721	0.542
-0.04755	0.5411
-0.04788	0.5402
-0.04806	0.5391
-0.04831	0.538
-0.04858	0.5368
-0.04885	0.5356
-0.049	0.5344
-0.04914	0.533
-0.04934	0.5315
-0.04954	0.5301
-0.04968	0.5286
-0.04973	0.527
-0.04986	0.5253
-0.04999	0.5237
-0.05012	0.522
-0.0501	0.5201
-0.05014	0.5182
-0.05021	0.5163
-0.05028	0.5144
-0.05025	0.5124
-0.0502	0.5102
-0.05021	0.5081
-0.05021	0.5059
-0.05018	0.5037
-0.05004	0.5014
-0.05	0.499
-0.04995	0.4966
-0.0499	0.4942
-0.04972	0.4917
-0.04959	0.4892
-0.04949	0.4865
-0.04938	0.4839
-0.0492	0.4813
-0.049	0.4785
-0.04884	0.4757
-0.04869	0.4729
-0.04851	0.4701
-0.04823	0.4671
-0.04803	0.4641
-0.04782	0.4611
-0.04762	0.4581
-0.04732	0.455
-0.04704	0.4519
-0.04679	0.4487
-0.04654	0.4456
-0.04623	0.4423
-0.04589	0.439
-0.04559	0.4357
-0.04529	0.4324
-0.04498	0.429
-0.04458	0.4256
-0.04423	0.4221
-0.04389	0.4186
-0.04355	0.4151
-0.04313	0.4116
-0.04272	0.408
-0.04233	0.4044
-0.04194	0.4007
-0.04151	0.3971
-0.04105	0.3934
-0.04062	0.3897
-0.04018	0.3859
-0.03974	0.3822
-0.03923	0.3784
-0.03875	0.3746
-0.03827	0.3707
-0.03779	0.3669
-0.03726	0.363
-0.03673	0.3591
-0.03621	0.3552
-0.03568	0.3513
-0.03514	0.3474
-0.03456	0.3434
-0.03399	0.3394
-0.03343	0.3354
-0.03286	0.3315
-0.03224	0.3274
-0.03164	0.3234
-0.03103	0.3194
-0.03042	0.3154
-0.02979	0.3113
-0.02914	0.3073
-0.0285	0.3032
-0.02785	0.2992
-0.02719	0.2951
-0.02652	0.291
-0.02584	0.2869
-0.02515	0.2829
-0.02447	0.2788
-0.02377	0.2747
-0.02306	0.2706
-0.02235	0.2666
-0.02163	0.2625
-0.02091	0.2584
-0.02018	0.2543
-0.01944	0.2503
-0.01869	0.2462
-0.01795	0.2422
-0.01721	0.2381
-0.01644	0.2341
-0.01567	0.2301
-0.01491	0.226
-0.01415	0.222
-0.01337	0.218
-0.01258	0.2141
-0.01179	0.2101
-0.01102	0.2061
-0.01024	0.2022
-0.009437	0.1982
-0.008633	0.1943
-0.007835	0.1904
-0.007061	0.1865
-0.006249	0.1826
-0.005434	0.1788
-0.004618	0.1749
-0.003836	0.1711
-0.003034	0.1673
-0.002211	0.1636
-0.001388	0.1598
-0.0005891	0.156
0.0001956	0.1523
0.001023	0.1487
0.00185	0.145
0.002668	0.1414
0.003438	0.1377
0.004256	0.1342
0.005084	0.1306
0.005912	0.1271
0.006686	0.1236
0.007477	0.1201
0.008303	0.1167
0.009129	0.1133
0.00992	0.1099
0.01068	0.1066
0.0115	0.1033
0.01232	0.1001
0.01313	0.09682
0.01387	0.09364
0.01466	0.09053
0.01548	0.08743
0.01629	0.08434
0.01703	0.08132
0.01779	0.07836
0.01859	0.07545
0.0194	0.07254
0.02016	0.06968
0.02087	0.06689
0.02166	0.06419
0.02246	0.06149
0.02325	0.05879
0.02393	0.05622
0.02468	0.05372
0.02546	0.05124
0.02625	0.04877
0.02694	0.04639
0.02763	0.04409
0.0284	0.04187
0.02917	0.03964
0.0299	0.03746
0.03052	0.03539
0.03127	0.03343
0.03202	0.03147
0.03278	0.02951
0.03338	0.0277
0.03406	0.02598
0.03479	0.0243
0.03552	0.02263
0.03616	0.02105
0.03676	0.01958
0.03747	0.01821
0.03817	0.01683
0.03883	0.01549
0.03936	0.01429
0.04002	0.01322
0.04069	0.01215
0.04136	0.01108
0.04187	0.01019
0.04245	0.009383
0.04308	0.008637
0.04371	0.007892
0.04424	0.007251
0.04471	0.00673
0.0453	0.006312
0.04588	0.005894
0.04643	0.005514
0.04682	0.005297
0.04732	0.005192
0.04785	0.005105
0.04837	0.005018
0.04874	0.005102
0.04913	0.005284
0.04959	0.005527
0.05005	0.00577
0.05041	0.006113
0.05069	0.006582
0.05107	0.007152
0.05145	0.007722
0.05181	0.008317
0.052	0.009096
0.05227	0.009962
0.05257	0.01085
0.05286	0.01174
0.05301	0.01278
0.05315	0.01392
0.05335	0.01511
0.05355	0.01631
0.05367	0.01758
0.05369	0.01898
0.05378	0.02047
0.05388	0.02195
0.05396	0.02344
0.05387	0.02512
0.05383	0.02685
0.05382	0.0286
0.0538	0.03035
0.05366	0.03223
0.05349	0.0342
0.05335	0.0362
0.05322	0.0382
0.05303	0.04026
0.05272	0.04244
0.05247	0.04467
0.05221	0.04689
0.05196	0.04912
0.05154	0.05151
0.05115	0.05392
0.05077	0.05635
0.0504	0.05877
0.04993	0.06129
0.04941	0.06388
0.04891	0.06647
0.0484	0.06907
0.04787	0.07171
0.04723	0.07444
0.04661	0.07718
0.04599	0.07992
0.04536	0.08266
0.04463	0.08551
0.04389	0.08836
0.04315	0.09121
0.04241	0.09406
0.04161	0.09697
0.04077	0.09992
0.03991	0.1029
0.03906	0.1058
0.03819	0.1087
0.03725	0.1117
0.03629	0.1147
0.03533	0.1177
0.03437	0.1207
0.03336	0.1237
0.03231	0.1267
0.03125	0.1297
0.03019	0.1327
0.02911	0.1357
0.028	0.1387
0.02684	0.1417
0.02569	0.1447
0.02453	0.1476
0.02336	0.1506
0.02214	0.1536
0.0209	0.1565
0.01966	0.1594
0.01843	0.1623
0.01716	0.1652
0.01585	0.168
0.01454	0.1708
0.01324	0.1736
0.01195	0.1764
0.01057	0.1791
0.009198	0.1818
0.007827	0.1845
0.006507	0.1871
0.005104	0.1896
0.003674	0.1922
0.002245	0.1947
0.0008725	0.1972
-0.0005292	0.1996
-0.002002	0.2019
-0.003476	0.2042
-0.004912	0.2065
-0.006294	0.2088
-0.007802	0.2109
-0.009309	0.213
-0.01081	0.2151
-0.0122	0.217
-0.01369	0.2189
-0.01522	0.2208
-0.01676	0.2226
-0.0182	0.2244
-0.01965	0.226
-0.02119	0.2276
-0.02274	0.2291
-0.02424	0.2306
-0.02563	0.232
-0.02719	0.2332
-0.02874	0.2345
-0.0303	0.2357
-0.03169	0.2368
-0.03318	0.2377
-0.03473	0.2386
-0.03629	0.2395
-0.03773	0.2403
-0.03915	0.2409
-0.0407	0.2415
-0.04224	0.242
-0.04374	0.2425
-0.04509	0.2428
-0.0466	0.243
-0.04813	0.2431
-0.04999	0.243
-0.0518	0.2425
-0.05368	0.2419
-0.05563	0.2413
-0.05758	0.2406
-0.0594	0.2399
-0.06115	0.239
-0.06304	0.2379
-0.06491	0.2369
-0.06673	0.2359
-0.06837	0.2347
-0.07014	0.2333
-0.07193	0.232
-0.07371	0.2307
-0.07529	0.2291
-0.07691	0.2275
-0.0786	0.2258
-0.08028	0.2241
-0.08183	0.2224
-0.08329	0.2205
-0.08487	0.2184
-0.08643	0.2164
-0.08795	0.2144
-0.08926	0.2122
-0.09069	0.2099
-0.09212	0.2076
-0.09354	0.2053
-0.09478	0.2029
-0.09602	0.2004
-0.09731	0.1978
-0.09859	0.1952
-0.09977	0.1926
-0.1008	0.1898
-0.102	0.187
-0.1031	0.1842
-0.1042	0.1813
-0.1051	0.1784
-0.106	0.1753
-0.107	0.1723
-0.108	0.1692
-0.1088	0.1661
-0.1095	0.1629
-0.1103	0.1596
-0.1111	0.1564
-0.1118	0.1531
-0.1123	0.1498
-0.113	0.1463
-0.1136	0.1429
-0.1141	0.1396
-0.1145	0.1361
-0.1149	0.1325
-0.1153	0.129
-0.1157	0.1255
-0.116	0.1219
-0.1162	0.1183
-0.1164	0.1147
-0.1165	0.1111
-0.1167	0.1074
-0.1167	0.1038
-0.1167	0.1001
-0.1166	0.09639
-0.1166	0.09274
-0.1164	0.08901
-0.1162	0.08528
-0.1156	0.08123
-0.1149	0.07708
-0.1141	0.07291
-0.1133	0.06874
-0.1125	0.06462
-0.1116	0.06055
-0.1107	0.0565
-0.1098	0.05243
-0.1088	0.04842
-0.1078	0.04446
-0.1068	0.04055
-0.1058	0.03662
-0.1047	0.03274
-0.1036	0.02893
-0.1024	0.02517
-0.1013	0.02142
-0.1001	0.01769
-0.09884	0.01406
-0.09759	0.01047
-0.09634	0.006921
-0.09503	0.003373
-0.09367	-7.43e-05
-0.0923	-0.003464
-0.09092	-0.006807
-0.08952	-0.01014
-0.08806	-0.0134
-0.08657	-0.01657
-0.08508	-0.01969
-0.08357	-0.02279
-0.08204	-0.02585
-0.08043	-0.02878
-0.07883	-0.03168
-0.07723	-0.03453
-0.0756	-0.03736
-0.07391	-0.04007
-0.0722	-0.04272
-0.0705	-0.04533
-0.06879	-0.0479
-0.06704	-0.0504
-0.06523	-0.05279
-0.06344	-0.05515
-0.06164	-0.05746
-0.05984	-0.05974
-0.05795	-0.06188
-0.05607	-0.06397
-0.0542	-0.06603
-0.05234	-0.06805
-0.05041	-0.06996
-0.04846	-0.07181
-0.04653	-0.07361
-0.0446	-0.07537
-0.04266	-0.07706
-0.04065	-0.07865
-0.03866	-0.0802
-0.03669	-0.08171
-0.03474	-0.08318
-0.0327	-0.08451
-0.03068	-0.08581
-0.02867	-0.08708
-0.02669	-0.0883
-0.02467	-0.08942
-0.02263	-0.09048
-0.0206	-0.0915
-0.01861	-0.09249
-0.01662	-0.09341
-0.01458	-0.09423
-0.01257	-0.09503
-0.01058	-0.09579
-0.008627	-0.09651
-0.006616	-0.09711
-0.004623	-0.09769
-0.002653	-0.09824
-0.0007354	-0.09874
0.001202	-0.09917
0.003151	-0.09954
0.005073	-0.09989
0.006949	-0.1002
0.008798	-0.1004
0.01068	-0.1006
0.01253	-0.1008
0.01435	-0.1009
0.01611	-0.101
0.01789	-0.101
0.01966	-0.101
0.02139	-0.101
0.02306	-0.1009
0.02472	-0.1007
0.02638	-0.1006
0.028	-0.1004
0.02958	-0.1002
0.0311	-0.0999
0.03263	-0.09959
0.03413	-0.09927
0.0356	-0.09893
0.03698	-0.09853
0.03837	-0.0981
0.03973	-0.09766
0.04105	-0.09721
0.04231	-0.09671
0.04353	-0.09618
0.04474	-0.09563
0.04591	-0.09507
0.04703	-0.09449
0.04809	-0.09387
0.04913	-0.09323
0.05014	-0.09258
0.05111	-0.09193
0.052	-0.09123
0.05287	-0.09051
0.05371	-0.08979
0.05451	-0.08907
0.05525	-0.08831
0.05594	-0.08753
0.05661	-0.08674
0.05724	-0.08596
0.05783	-0.08515
0.05835	-0.08432
0.05884	-0.08348
0.0593	-0.08264
0.05973	-0.0818
0.06008	-0.08092
0.0604	-0.08003
0.06069	-0.07915
0.06095	-0.07827
0.06115	-0.07736
0.0613	-0.07643
0.06143	-0.07551
0.06153	-0.0746
0.06159	-0.07367
0.06159	-0.07271
0.06156	-0.07176
0.0615	-0.07081
0.06142	-0.06986
0.06128	-0.06888
0.0611	-0.0679
0.0609	-0.06692
0.06068	-0.06595
0.06041	-0.06495
0.0601	-0.06395
0.05977	-0.06295
0.05941	-0.06196
0.05873	-0.06124
0.05804	-0.06047
0.05734	-0.05968
0.05663	-0.05889
0.05592	-0.0581
0.05517	-0.05727
0.05441	-0.05643
0.05364	-0.05558
0.05286	-0.05473
0.05206	-0.05386
0.05124	-0.05297
0.05042	-0.05208
0.04958	-0.05118
0.04874	-0.05028
0.04787	-0.04935
0.047	-0.04842
0.04612	-0.04748
0.04523	-0.04655
0.04433	-0.04559
0.04341	-0.04463
0.04249	-0.04366
0.04157	-0.0427
0.04063	-0.04173
0.03968	-0.04074
0.03872	-0.03976
0.03776	-0.03878
0.0368	-0.03779
0.03582	-0.03679
0.03483	-0.0358
0.03385	-0.0348
0.03285	-0.03381
0.03185	-0.03281
