0.07331	0.05249
0.0723	0.05278
0.07132	0.05302
0.07033	0.05325
0.06935	0.05349
0.06832	0.05372
0.06728	0.05392
0.06625	0.0541
0.06522	0.05427
0.06417	0.05445
0.06308	0.05461
0.062	0.05473
0.06093	0.05484
0.05986	0.05495
0.05873	0.05507
0.05761	0.05513
0.05649	0.05518
0.05538	0.05523
0.05424	0.05528
0.05308	0.0553
0.05192	0.05528
0.05078	0.05527
0.04964	0.05525
0.04844	0.05522
0.04726	0.05515
0.04609	0.055
0.04492	0.05466
0.04371	0.0543
0.04251	0.05392
0.04131	0.05351
0.04012	0.0531
0.03893	0.0527
0.03771	0.05228
0.0365	0.05183
0.0353	0.05137
0.03412	0.05092
0.0329	0.05047
0.03169	0.04998
0.0305	0.04948
0.02932	0.04899
0.02812	0.04849
0.02692	0.04797
0.02574	0.04744
0.02457	0.0469
0.02341	0.04637
0.02223	0.04583
0.02107	0.04526
0.01992	0.04468
0.01879	0.04411
0.01765	0.04354
0.01652	0.04294
0.01541	0.04233
0.01431	0.04173
0.01322	0.04112
0.01213	0.0405
0.01106	0.03986
0.009999	0.03922
0.008956	0.03858
0.007919	0.03794
0.006898	0.03728
0.005892	0.03661
0.004902	0.03594
0.003925	0.03527
0.002962	0.03459
0.002015	0.03389
0.001083	0.0332
0.0001683	0.0325
-0.000729	0.0318
-0.001611	0.03108
-0.002477	0.03035
-0.003327	0.02963
-0.004155	0.02891
-0.004966	0.02817
-0.005762	0.02742
-0.006542	0.02667
-0.007301	0.02592
-0.008037	0.02517
-0.008758	0.0244
-0.009464	0.02363
-0.01015	0.02285
-0.01081	0.02208
-0.01146	0.02129
-0.01208	0.0205
-0.0127	0.01971
-0.01328	0.01891
-0.01385	0.01811
-0.0144	0.0173
-0.01494	0.01648
-0.01545	0.01567
-0.01594	0.01485
-0.01641	0.01402
-0.01687	0.01319
-0.01731	0.01236
-0.01772	0.01152
-0.01811	0.01068
-0.01849	0.009832
-0.01886	0.008984
-0.0192	0.008135
-0.01951	0.007281
-0.01981	0.006419
-0.0201	0.005558
-0.02038	0.004695
-0.02062	0.003833
-0.02085	0.002961
-0.02106	0.002089
-0.02126	0.001216
-0.02144	0.0003432
-0.02159	-0.0005341
-0.02174	-0.001413
-0.02187	-0.002293
-0.02198	-0.003172
-0.02207	-0.004054
-0.02214	-0.004935
-0.02221	-0.005818
-0.02226	-0.0067
-0.02228	-0.007584
-0.02229	-0.008465
-0.02229	-0.009347
-0.02228	-0.01023
-0.02225	-0.01111
-0.0222	-0.01199
-0.02214	-0.01287
-0.02207	-0.01374
-0.02199	-0.01462
-0.02188	-0.01549
-0.02176	-0.01636
-0.02164	-0.01723
-0.0215	-0.01809
-0.02134	-0.01896
-0.02117	-0.01982
-0.02099	-0.02067
-0.02081	-0.02153
-0.0206	-0.02238
-0.02039	-0.02323
-0.02016	-0.02406
-0.01992	-0.0249
-0.01968	-0.02574
-0.01941	-0.02657
-0.01914	-0.02739
-0.01886	-0.02821
-0.01857	-0.02902
-0.01827	-0.02984
-0.01796	-0.03065
-0.01764	-0.03144
-0.01731	-0.03223
-0.01697	-0.03303
-0.01662	-0.03382
-0.01626	-0.03459
-0.01589	-0.03535
-0.01552	-0.03612
-0.01514	-0.03689
-0.01474	-0.03764
-0.01434	-0.03838
-0.01394	-0.03912
-0.01352	-0.03986
-0.0131	-0.04059
-0.01267	-0.04131
-0.01223	-0.04202
-0.01179	-0.04273
-0.01133	-0.04344
-0.01087	-0.04412
-0.01041	-0.0448
-0.009938	-0.04548
-0.00946	-0.04616
-0.008976	-0.04682
-0.008486	-0.04747
-0.007991	-0.04812
-0.00749	-0.04876
-0.006983	-0.0494
-0.00647	-0.05002
-0.005954	-0.05063
-0.005432	-0.05124
-0.004905	-0.05185
-0.004373	-0.05243
-0.003837	-0.05301
-0.003297	-0.05358
-0.002752	-0.05415
-0.002205	-0.05471
-0.001647	-0.05524
-0.00112	-0.05578
-0.001244	-0.05629
-0.001985	-0.0568
-0.00269	-0.05727
-0.003422	-0.05773
-0.004153	-0.05819
-0.004899	-0.05865
-0.005647	-0.05909
-0.006406	-0.0595
-0.00717	-0.05992
-0.007945	-0.06033
-0.008723	-0.06074
-0.009508	-0.06111
-0.0103	-0.06147
-0.0111	-0.06184
-0.0119	-0.06221
-0.01271	-0.06253
-0.01352	-0.06285
-0.01434	-0.06316
-0.01517	-0.06347
-0.01599	-0.06377
-0.01682	-0.06403
-0.01765	-0.06429
-0.01849	-0.06454
-0.01934	-0.0648
-0.02018	-0.06501
-0.02102	-0.06521
-0.02187	-0.06541
-0.02272	-0.06561
-0.02357	-0.06578
-0.02442	-0.06593
-0.02528	-0.06607
-0.02614	-0.06621
-0.02699	-0.06634
-0.02784	-0.06643
-0.0287	-0.06651
-0.02956	-0.06659
-0.03041	-0.06667
-0.03126	-0.0667
-0.03211	-0.06672
-0.03297	-0.06674
-0.03382	-0.06676
-0.03467	-0.06675
-0.03551	-0.06671
-0.03635	-0.06666
-0.0372	-0.06662
-0.03804	-0.06657
-0.03886	-0.06647
-0.03969	-0.06636
-0.04053	-0.06625
-0.04136	-0.06614
-0.04217	-0.06599
-0.04298	-0.06582
-0.04379	-0.06564
-0.0446	-0.06547
-0.0454	-0.06528
-0.04619	-0.06505
-0.04698	-0.06481
-0.04776	-0.06457
-0.04855	-0.06433
-0.04931	-0.06405
-0.05007	-0.06374
-0.05083	-0.06344
-0.05158	-0.06314
-0.05232	-0.06281
-0.05305	-0.06245
-0.05377	-0.06208
-0.0545	-0.06172
-0.05521	-0.06135
-0.0559	-0.06093
-0.05659	-0.0605
-0.05728	-0.06008
-0.05796	-0.05966
-0.05862	-0.05919
-0.05927	-0.05871
-0.05992	-0.05823
-0.06056	-0.05774
-0.06118	-0.05724
-0.06179	-0.0567
-0.06239	-0.05616
-0.06299	-0.05562
-0.06357	-0.05508
-0.06413	-0.05449
-0.06468	-0.05389
-0.06523	-0.0533
-0.06577	-0.0527
-0.06628	-0.05208
-0.06679	-0.05143
-0.06728	-0.05078
-0.06777	-0.05013
-0.06824	-0.04948
-0.06868	-0.04878
-0.06912	-0.04807
-0.06955	-0.04737
-0.06998	-0.04667
-0.07036	-0.04594
-0.07074	-0.04518
-0.07111	-0.04443
-0.07148	-0.04368
-0.07181	-0.04291
-0.07213	-0.04211
-0.07243	-0.0413
-0.07273	-0.04049
-0.07302	-0.03969
-0.07326	-0.03884
-0.07351	-0.03798
-0.07374	-0.03712
-0.07396	-0.03626
-0.07414	-0.03537
-0.07432	-0.03445
-0.07448	-0.03354
-0.07463	-0.03262
-0.07476	-0.03169
-0.07486	-0.03072
-0.07495	-0.02974
-0.07503	-0.02875
-0.0751	-0.02778
-0.07513	-0.02675
-0.07514	-0.0257
-0.07515	-0.02465
-0.07515	-0.0236
-0.07511	-0.02253
-0.07505	-0.0214
-0.07498	-0.02028
-0.07491	-0.01915
-0.0748	-0.01803
-0.07467	-0.01683
-0.07453	-0.01561
-0.07438	-0.0144
-0.07421	-0.01319
-0.074	-0.01194
-0.07379	-0.01063
-0.07356	-0.009332
-0.07331	-0.008026
-0.07305	-0.006712
-0.07275	-0.005315
-0.07245	-0.00391
-0.07213	-0.002506
-0.0718	-0.001108
-0.07143	0.0003709
-0.07105	0.001884
-0.07066	0.003393
-0.07026	0.004904
-0.06983	0.006449
-0.06938	0.008071
-0.06892	0.009693
-0.06844	0.01132
-0.06795	0.01294
-0.06743	0.01467
-0.0669	0.01641
-0.06635	0.01815
-0.06579	0.01989
-0.06521	0.0217
-0.06461	0.02356
-0.06399	0.02542
-0.06337	0.02728
-0.06272	0.02916
-0.06205	0.03113
-0.06137	0.03312
-0.06068	0.0351
-0.05998	0.03707
-0.05925	0.03914
-0.0585	0.04124
-0.05775	0.04334
-0.05698	0.04544
-0.05619	0.04758
-0.05538	0.04979
-0.05456	0.052
-0.05373	0.05422
-0.05288	0.05643
-0.05202	0.05874
-0.05114	0.06106
-0.05024	0.06338
-0.04934	0.0657
-0.04841	0.06807
-0.04747	0.07049
-0.04651	0.07291
-0.04555	0.07533
-0.04456	0.07776
-0.04356	0.08027
-0.04254	0.08278
-0.04151	0.08529
-0.04047	0.08779
-0.03941	0.09036
-0.03833	0.09294
-0.03724	0.09553
-0.03613	0.09811
-0.03501	0.1007
-0.03386	0.1034
-0.03271	0.106
-0.03154	0.1087
-0.03035	0.1113
-0.02915	0.114
-0.02793	0.1167
-0.02669	0.1194
-0.02544	0.1221
-0.02417	0.1249
-0.02288	0.1276
-0.02157	0.1304
-0.02026	0.1331
-0.01892	0.1359
-0.01756	0.1386
-0.01618	0.1414
-0.01479	0.1442
-0.01339	0.147
-0.01195	0.1498
-0.01048	0.1526
-0.008956	0.1553
-0.007437	0.1581
-0.005902	0.1609
-0.004365	0.1637
-0.002827	0.1665
-0.001291	0.1693
0.0002564	0.1721
0.001812	0.1749
0.003369	0.1777
0.004924	0.1805
0.006483	0.1833
0.008059	0.1861
0.009633	0.1889
0.01121	0.1916
0.01278	0.1944
0.01437	0.1972
0.01596	0.1999
0.01755	0.2027
0.01915	0.2054
0.02074	0.2082
0.02235	0.2109
0.02396	0.2136
0.02557	0.2164
0.02717	0.2191
0.02879	0.2218
0.03041	0.2244
0.03203	0.2271
0.03365	0.2298
0.03527	0.2324
0.03689	0.2351
0.03852	0.2377
0.04014	0.2403
0.04177	0.2429
0.0434	0.2455
0.04502	0.248
0.04665	0.2506
0.04827	0.2531
0.0499	0.2556
0.05152	0.2581
0.05314	0.2606
0.05476	0.263
0.05637	0.2655
0.05798	0.2679
0.05959	0.2703
0.06119	0.2727
0.0628	0.2751
0.06438	0.2774
0.06597	0.2797
0.06755	0.282
0.06914	0.2843
0.07071	0.2865
0.07226	0.2887
0.07381	0.2909
0.07537	0.2931
0.07691	0.2953
0.07843	0.2974
0.07994	0.2994
0.08146	0.3015
0.08297	0.3036
0.08445	0.3056
0.08592	0.3075
0.08738	0.3095
0.08885	0.3114
0.0903	0.3134
0.09171	0.3152
0.09312	0.317
0.09453	0.3188
0.09593	0.3206
0.09728	0.3223
0.09863	0.3239
0.09998	0.3256
0.1013	0.3272
0.1026	0.3289
0.1039	0.3304
0.1052	0.3318
0.1065	0.3333
0.1077	0.3348
0.1089	0.3362
0.1101	0.3375
0.1113	0.3389
0.1125	0.3402
0.1136	0.3415
0.1148	0.3426
0.1159	0.3438
0.117	0.3449
0.1181	0.3461
0.1191	0.3471
0.1201	0.3481
0.1212	0.3491
0.1222	0.35
0.1231	0.3509
0.1241	0.3517
0.125	0.3525
0.126	0.3533
0.1268	0.3541
0.1277	0.3547
0.1285	0.3553
0.1294	0.3559
0.1302	0.3566
0.131	0.357
0.1317	0.3575
0.1325	0.3579
0.1332	0.3583
0.1339	0.3587
0.1346	0.359
0.1353	0.3592
0.1359	0.3594
0.1366	0.3597
0.1371	0.3598
0.1377	0.3599
0.1383	0.3599
0.1389	0.36
0.1394	0.36
0.1399	0.3599
0.1403	0.3598
0.1408	0.3597
0.1413	0.3595
0.1417	0.3593
0.1421	0.359
0.1425	0.3588
0.1429	0.3585
0.1432	0.3581
0.1435	0.3577
0.1438	0.3573
0.1442	0.3568
0.1444	0.3564
0.1447	0.3558
0.1449	0.3552
0.1452	0.3547
0.1454	0.3541
0.1455	0.3534
0.1457	0.3527
0.1459	0.352
0.146	0.3513
0.1461	0.3505
0.1462	0.3497
0.1463	0.3489
0.1464	0.348
0.1465	0.3472
0.1465	0.3462
0.1466	0.3453
0.1466	0.3444
0.1466	0.3434
0.1466	0.3424
0.1466	0.3414
0.1465	0.3403
0.1465	0.3393
0.1464	0.3382
0.1463	0.3371
0.1463	0.336
0.1462	0.3349
0.1461	0.3337
0.1459	0.3325
0.1458	0.3313
0.1456	0.3301
0.1455	0.3289
0.1453	0.3277
0.1451	0.3264
0.1449	0.3252
0.1447	0.3239
0.1445	0.3226
0.1443	0.3213
0.1441	0.32
0.1438	0.3187
0.1436	0.3174
0.1433	0.316
0.143	0.3147
0.1428	0.3133
0.1425	0.312
0.1422	0.3106
0.1419	0.3092
0.1416	0.3078
0.1413	0.3064
0.141	0.3051
0.1407	0.3036
0.1403	0.3022
0.14	0.3008
0.1397	0.2994
0.1393	0.298
0.139	0.2966
0.1386	0.2951
0.1383	0.2937
0.1379	0.2923
0.1375	0.2908
0.1372	0.2894
0.1368	0.2879
0.1365	0.2865
0.1361	0.285
0.1357	0.2836
0.1354	0.2821
0.135	0.2807
0.1346	0.2792
0.1343	0.2778
0.1339	0.2763
0.1335	0.2748
0.1332	0.2734
0.1328	0.2719
0.1325	0.2704
0.1321	0.269
0.1317	0.2675
0.1314	0.266
0.1311	0.2645
0.1307	0.2631
0.1304	0.2616
0.13	0.2601
0.1297	0.2586
0.1294	0.2571
0.1291	0.2556
0.1288	0.2541
0.1285	0.2526
0.1282	0.2511
0.1279	0.2496
0.1276	0.2481
0.1273	0.2466
0.127	0.2451
0.1267	0.2435
0.1265	0.242
0.1262	0.2405
0.126	0.2389
0.1257	0.2374
0.1255	0.2358
0.1252	0.2343
0.125	0.2327
0.1248	0.2311
0.1246	0.2295
0.1244	0.2279
0.1242	0.2263
0.124	0.2247
0.1238	0.2231
0.1236	0.2215
0.1234	0.2198
0.1232	0.2182
0.1231	0.2165
0.1229	0.2148
0.1227	0.2132
0.1226	0.2114
0.1224	0.2097
0.1223	0.208
0.1221	0.2063
0.122	0.2045
0.1218	0.2027
0.1217	0.2009
0.1216	0.1991
0.1214	0.1973
0.1213	0.1955
0.1212	0.1936
0.121	0.1918
0.1209	0.1899
0.1208	0.188
0.1206	0.186
0.1205	0.1841
0.1204	0.1821
0.1202	0.1802
0.1201	0.1781
0.12	0.1761
0.1198	0.1741
0.1197	0.172
0.1195	0.1699
0.1194	0.1678
0.1192	0.1656
0.1191	0.1635
0.1189	0.1613
0.1188	0.1591
0.1186	0.1568
0.1184	0.1546
0.1182	0.1523
0.1181	0.15
0.1179	0.1476
0.1177	0.1453
0.1175	0.1429
0.1173	0.1405
0.1171	0.138
0.1168	0.1355
0.1166	0.1331
0.1164	0.1306
0.1162	0.128
0.1159	0.1254
0.1157	0.1228
0.1154	0.1202
0.1152	0.1175
0.1149	0.1148
0.1146	0.112
0.1144	0.1093
0.1141	0.1065
0.1138	0.1037
0.1135	0.1008
0.1132	0.09797
0.1129	0.09512
0.1126	0.09216
0.1122	0.08916
0.1119	0.08618
0.1116	0.08319
0.1112	0.08015
0.1109	0.07703
0.1105	0.07391
0.1102	0.07079
0.1098	0.06766
0.1095	0.06442
0.1091	0.06116
0.1087	0.05791
0.1084	0.05466
0.108	0.05133
0.1076	0.04794
0.1072	0.04456
0.1068	0.04118
0.1064	0.03776
0.106	0.03425
0.1056	0.03074
0.1052	0.02722
0.1048	0.02371
0.1044	0.02008
0.104	0.01643
0.1036	0.01279
0.1032	0.009143
0.1027	0.005436
0.1023	0.001657
0.1019	-0.002119
0.1015	-0.005901
0.1011	-0.009692
0.1006	-0.0136
0.1002	-0.01751
0.0998	-0.02142
0.09938	-0.02533
0.09896	-0.02933
0.09854	-0.03338
0.09812	-0.03742
0.09771	-0.04147
0.0973	-0.04556
0.09689	-0.04974
0.09648	-0.05392
0.09607	-0.05811
0.09566	-0.06228
0.09526	-0.06659
0.09486	-0.07092
0.09447	-0.07524
0.09407	-0.07956
0.09369	-0.08395
0.0933	-0.08841
0.09292	-0.09287
0.09254	-0.09734
0.09217	-0.1018
0.0918	-0.1064
0.09144	-0.111
0.09107	-0.1156
0.09072	-0.1202
0.09037	-0.1249
0.09003	-0.1297
0.08969	-0.1344
0.08935	-0.1392
0.08902	-0.144
0.0887	-0.1489
0.08838	-0.1538
0.08806	-0.1587
0.08775	-0.1636
0.08746	-0.1686
0.08716	-0.1736
0.08686	-0.1787
0.08657	-0.1837
0.0863	-0.1888
0.08603	-0.194
0.08576	-0.1992
0.08548	-0.2044
0.08523	-0.2096
0.08498	-0.2149
0.08474	-0.2202
0.08449	-0.2256
0.08425	-0.2309
0.08403	-0.2363
0.0838	-0.2418
0.08358	-0.2472
0.08336	-0.2527
0.08316	-0.2582
0.08296	-0.2637
0.08276	-0.2693
0.08256	-0.2749
0.08238	-0.2805
0.0822	-0.2862
0.08203	-0.2919
0.08185	-0.2976
0.08168	-0.3033
0.08153	-0.309
0.08138	-0.3148
0.08123	-0.3206
0.08108	-0.3264
0.08095	-0.3322
0.08082	-0.3381
0.0807	-0.344
0.08057	-0.3499
0.08045	-0.3558
0.08035	-0.3617
0.08025	-0.3677
0.08015	-0.3736
0.08005	-0.3796
0.07997	-0.3856
0.07989	-0.3916
0.07982	-0.3977
0.07974	-0.4037
0.07968	-0.4097
0.07963	-0.4158
0.07958	-0.4218
0.07952	-0.4279
0.07948	-0.434
0.07945	-0.4401
0.07942	-0.4462
0.0794	-0.4523
0.07937	-0.4583
0.07936	-0.4644
0.07936	-0.4706
0.07935	-0.4767
0.07935	-0.4828
0.07935	-0.4889
0.07937	-0.495
0.07939	-0.5011
0.0794	-0.5072
0.07942	-0.5133
0.07945	-0.5194
0.07948	-0.5254
0.07952	-0.5315
0.07955	-0.5376
0.07959	-0.5437
0.07964	-0.5497
0.07968	-0.5558
0.07973	-0.5618
0.07977	-0.5678
0.07982	-0.5738
0.07987	-0.5798
0.07992	-0.5858
0.07997	-0.5918
0.08002	-0.5978
0.08007	-0.6037
0.08012	-0.6096
0.08017	-0.6155
0.08021	-0.6215
0.08024	-0.6273
0.08028	-0.6331
0.08032	-0.639
0.08035	-0.6448
0.08036	-0.6506
0.08038	-0.6563
0.08039	-0.6621
0.08041	-0.6678
0.0804	-0.6735
0.08039	-0.6791
0.08037	-0.6847
0.08036	-0.6904
0.08033	-0.696
0.08027	-0.7015
0.08022	-0.707
0.08016	-0.7125
0.0801	-0.718
0.08001	-0.7234
0.07991	-0.7288
0.0798	-0.7341
0.0797	-0.7394
0.07957	-0.7448
0.07941	-0.75
0.07925	-0.7551
0.07909	-0.7603
0.07893	-0.7655
0.07871	-0.7706
0.07849	-0.7756
0.07827	-0.7806
0.07805	-0.7856
0.0778	-0.7905
0.07751	-0.7954
0.07723	-0.8002
0.07695	-0.805
0.07665	-0.8098
0.0763	-0.8145
0.07595	-0.819
0.0756	-0.8237
0.07525	-0.8283
0.07485	-0.8328
0.07444	-0.8372
0.07403	-0.8416
0.07362	-0.8459
0.07318	-0.8503
0.07271	-0.8545
0.07223	-0.8587
0.07176	-0.8628
0.07128	-0.867
0.07075	-0.871
0.07022	-0.8749
0.06969	-0.8788
0.06916	-0.8827
0.06859	-0.8866
0.06801	-0.8903
0.06743	-0.894
0.06685	-0.8976
0.06625	-0.9013
0.06562	-0.9048
0.06499	-0.9082
0.06436	-0.9116
0.06373	-0.915
0.06306	-0.9184
0.06239	-0.9215
0.06172	-0.9247
0.06105	-0.9278
0.06036	-0.931
0.05965	-0.9339
0.05895	-0.9368
0.05824	-0.9396
0.05753	-0.9425
0.05679	-0.9453
0.05605	-0.9479
0.05531	-0.9505
0.05458	-0.9531
0.05382	-0.9556
0.05305	-0.958
0.05228	-0.9603
0.05152	-0.9626
0.05074	-0.965
0.04995	-0.9671
0.04915	-0.9691
0.04836	-0.9711
0.04757	-0.9732
0.04675	-0.9751
0.04593	-0.9768
0.04511	-0.9786
0.04429	-0.9803
0.04345	-0.9821
0.04261	-0.9835
0.04176	-0.985
0.04092	-0.9864
0.04007	-0.9879
0.03919	-0.9891
0.03831	-0.9903
0.03744	-0.9914
0.03656	-0.9925
0.03567	-0.9936
0.03476	-0.9944
0.03386	-0.9952
0.03295	-0.9961
0.03204	-0.9969
0.03109	-0.9975
0.03016	-0.998
0.02922	-0.9985
0.02828	-0.999
0.02731	-0.9993
0.02633	-0.9995
0.02536	-0.9997
0.02439	-0.9998
0.02339	-1
0.02238	-0.9999
0.02137	-0.9997
0.02036	-0.9995
0.01935	-0.9994
0.01829	-0.999
0.01725	-0.9985
0.0162	-0.998
0.01515	-0.9975
0.01407	-0.9969
0.01298	-0.9961
0.0119	-0.9953
0.01081	-0.9944
0.009711	-0.9936
0.008585	-0.9924
0.007463	-0.9912
0.00634	-0.9901
0.005214	-0.9889
0.004056	-0.9875
0.002899	-0.986
0.00174	-0.9844
0.0005824	-0.9829
-0.0005957	-0.9813
-0.001786	-0.9795
-0.002976	-0.9776
-0.004164	-0.9757
-0.005359	-0.9738
-0.006581	-0.9717
-0.007797	-0.9694
-0.009014	-0.9672
-0.01023	-0.9649
-0.01147	-0.9626
-0.01271	-0.96
-0.01395	-0.9574
-0.01519	-0.9548
-0.01644	-0.9522
-0.0177	-0.9494
-0.01896	-0.9464
-0.02021	-0.9435
-0.02147	-0.9405
-0.02274	-0.9374
-0.02401	-0.9341
-0.02529	-0.9309
-0.02656	-0.9276
-0.02783	-0.9243
-0.02911	-0.9207
-0.03039	-0.917
-0.03167	-0.9134
-0.03295	-0.9098
-0.03423	-0.906
-0.03551	-0.902
-0.03679	-0.8981
-0.03807	-0.8941
-0.03935	-0.8901
-0.04063	-0.8858
-0.04191	-0.8816
-0.04319	-0.8773
-0.04447	-0.8731
-0.04574	-0.8685
-0.04701	-0.8639
-0.04828	-0.8594
-0.04956	-0.8548
-0.05082	-0.8501
-0.05208	-0.8452
-0.05335	-0.8403
-0.05461	-0.8355
-0.05587	-0.8305
-0.05712	-0.8254
-0.05837	-0.8203
-0.05962	-0.8151
-0.06087	-0.81
-0.06211	-0.8046
-0.06335	-0.7992
-0.06458	-0.7938
-0.06582	-0.7883
-0.06705	-0.7828
-0.06827	-0.7771
-0.06949	-0.7715
-0.07071	-0.7658
-0.07192	-0.7601
-0.07312	-0.7542
-0.07433	-0.7483
-0.07553	-0.7423
-0.07673	-0.7364
-0.07792	-0.7304
-0.0791	-0.7242
-0.08028	-0.7181
-0.08146	-0.7119
-0.08264	-0.7057
-0.0838	-0.6994
-0.08496	-0.693
-0.08612	-0.6866
-0.08728	-0.6803
-0.08842	-0.6738
-0.08956	-0.6672
-0.0907	-0.6606
-0.09184	-0.6541
-0.09296	-0.6474
-0.09407	-0.6407
-0.09519	-0.6339
-0.09631	-0.6272
-0.09741	-0.6204
-0.0985	-0.6135
-0.09959	-0.6066
-0.1007	-0.5997
-0.1018	-0.5928
-0.1028	-0.5858
-0.1039	-0.5787
-0.105	-0.5717
-0.106	-0.5646
-0.1071	-0.5575
-0.1081	-0.5503
-0.1091	-0.5431
-0.1102	-0.5359
-0.1112	-0.5287
-0.1122	-0.5214
-0.1132	-0.5141
-0.1142	-0.5068
-0.1152	-0.4995
-0.1162	-0.4921
-0.1171	-0.4847
-0.1181	-0.4773
-0.1191	-0.4699
-0.12	-0.4625
-0.121	-0.455
-0.1219	-0.4474
-0.1228	-0.4399
-0.1238	-0.4324
-0.1247	-0.4249
-0.1256	-0.4173
-0.1264	-0.4097
-0.1273	-0.4022
-0.1282	-0.3946
-0.1291	-0.3869
-0.1299	-0.3793
-0.1308	-0.3717
-0.1316	-0.364
-0.1325	-0.3564
-0.1333	-0.3487
-0.1341	-0.341
-0.1349	-0.3333
-0.1357	-0.3257
-0.1365	-0.318
-0.1373	-0.3103
-0.138	-0.3026
-0.1388	-0.2949
-0.1395	-0.2872
-0.1403	-0.2795
-0.141	-0.2718
-0.1417	-0.264
-0.1424	-0.2563
-0.1431	-0.2486
-0.1438	-0.241
-0.1445	-0.2333
-0.1452	-0.2256
-0.1458	-0.2179
-0.1465	-0.2102
-0.1471	-0.2025
-0.1477	-0.1949
-0.1484	-0.1872
-0.149	-0.1796
-0.1496	-0.172
-0.1502	-0.1643
-0.1507	-0.1567
-0.1513	-0.1491
-0.1518	-0.1416
-0.1524	-0.134
-0.1529	-0.1264
-0.1534	-0.1189
-0.1539	-0.1114
-0.1544	-0.1039
-0.1549	-0.09641
-0.1554	-0.08896
-0.1558	-0.08155
-0.1563	-0.07413
-0.1567	-0.06672
-0.1572	-0.05933
-0.1576	-0.05202
-0.158	-0.04471
-0.1584	-0.0374
-0.1588	-0.03008
-0.1591	-0.02288
-0.1595	-0.01569
-0.1598	-0.008492
-0.1602	-0.001299
-0.1605	0.005833
-0.1608	0.0129
-0.1611	0.01996
-0.1613	0.02702
-0.1616	0.03407
-0.1618	0.041
-0.1621	0.04792
-0.1623	0.05484
-0.1626	0.06176
-0.1627	0.06858
-0.1629	0.07534
-0.1631	0.08211
-0.1633	0.08888
-0.1634	0.0956
-0.1635	0.1022
-0.1636	0.1088
-0.1638	0.1154
-0.1639	0.122
-0.1639	0.1285
-0.164	0.1349
-0.164	0.1414
-0.1641	0.1478
-0.1641	0.1541
-0.164	0.1604
-0.164	0.1667
-0.164	0.1729
-0.164	0.1791
-0.1639	0.1852
-0.1638	0.1913
-0.1637	0.1974
-0.1636	0.2035
-0.1634	0.2094
-0.1633	0.2153
-0.1631	0.2212
-0.1629	0.2271
-0.1627	0.2329
-0.1625	0.2386
-0.1622	0.2443
-0.162	0.25
-0.1617	0.2557
-0.1614	0.2612
-0.1611	0.2667
-0.1607	0.2722
-0.1604	0.2777
-0.16	0.2832
-0.1596	0.2885
-0.1592	0.2938
-0.1587	0.2991
-0.1583	0.3044
-0.1578	0.3095
-0.1573	0.3147
-0.1568	0.3198
-0.1563	0.325
-0.1557	0.33
-0.1551	0.3349
-0.1545	0.3399
-0.1539	0.3448
-0.1532	0.3497
-0.1525	0.3545
-0.1519	0.3592
-0.1512	0.364
-0.1505	0.3688
-0.1497	0.3734
-0.1489	0.378
-0.1482	0.3826
-0.1474	0.3872
-0.1465	0.3917
-0.1457	0.3962
-0.1448	0.4006
-0.144	0.4051
-0.143	0.4095
-0.1421	0.4138
-0.1412	0.4181
-0.1402	0.4224
-0.1393	0.4267
-0.1382	0.4309
-0.1372	0.4351
-0.1362	0.4392
-0.1352	0.4434
-0.1341	0.4475
-0.133	0.4515
-0.1319	0.4556
-0.1308	0.4596
-0.1297	0.4636
-0.1286	0.4676
-0.1274	0.4715
-0.1262	0.4754
-0.1251	0.4793
-0.1238	0.4832
-0.1226	0.487
-0.1214	0.4909
-0.1202	0.4947
-0.1189	0.4985
-0.1176	0.5022
-0.1163	0.506
-0.1151	0.5097
-0.1138	0.5135
-0.1124	0.5172
-0.1111	0.5208
-0.1097	0.5245
-0.1084	0.5282
-0.107	0.5318
-0.1056	0.5354
-0.1042	0.539
-0.1028	0.5426
-0.1014	0.5462
-0.09996	0.5498
-0.09851	0.5533
-0.09706	0.5569
-0.09561	0.5604
-0.09411	0.564
-0.09261	0.5675
-0.09111	0.571
-0.08961	0.5745
-0.08807	0.578
-0.08651	0.5815
-0.08496	0.585
-0.08341	0.5885
-0.08183	0.5919
-0.08022	0.5954
-0.07862	0.5989
-0.07701	0.6023
-0.0754	0.6058
-0.07374	0.6092
-0.07207	0.6127
-0.07041	0.6161
-0.06874	0.6196
-0.06705	0.623
-0.06533	0.6265
-0.06361	0.6299
-0.06189	0.6333
-0.06016	0.6368
-0.05838	0.6402
-0.05661	0.6436
-0.05483	0.6471
-0.05305	0.6505
-0.05123	0.6539
-0.0494	0.6574
-0.04757	0.6608
-0.04574	0.6642
-0.04389	0.6677
-0.04201	0.6711
-0.04012	0.6745
-0.03824	0.678
-0.03636	0.6814
-0.03443	0.6849
-0.0325	0.6883
-0.03057	0.6917
-0.02864	0.6952
-0.02668	0.6986
-0.02471	0.7021
-0.02274	0.7055
-0.02077	0.7089
-0.0188	0.7124
-0.01679	0.7158
-0.01479	0.7193
-0.01278	0.7227
-0.01078	0.7261
-0.008754	0.7296
-0.006726	0.733
-0.004698	0.7365
-0.002671	0.7399
-0.0006381	0.7433
0.001402	0.7468
0.003442	0.7502
0.005482	0.7536
0.007522	0.757
0.009561	0.7604
0.0116	0.7638
0.01364	0.7672
0.01568	0.7706
0.01771	0.774
0.01974	0.7774
0.02176	0.7808
0.02379	0.7841
0.02581	0.7875
0.0278	0.7909
0.0298	0.7942
0.03179	0.7975
0.03379	0.8008
0.03575	0.8042
0.0377	0.8074
0.03965	0.8107
0.0416	0.814
0.04353	0.8173
0.04542	0.8205
0.04731	0.8237
0.0492	0.8269
0.05109	0.8301
0.0529	0.8333
0.05472	0.8365
0.05653	0.8396
0.05834	0.8427
0.0601	0.8459
0.06182	0.8489
0.06354	0.852
0.06526	0.855
0.06696	0.8581
0.06857	0.8611
0.07018	0.864
0.0718	0.867
0.0734	0.8699
0.07492	0.8728
0.07641	0.8757
0.0779	0.8785
0.07939	0.8814
0.08082	0.8842
0.08217	0.8869
0.08353	0.8897
0.08489	0.8924
0.08623	0.8951
0.08743	0.8978
0.08865	0.9004
0.08985	0.903
0.09106	0.9055
0.09216	0.9081
0.09322	0.9106
0.09426	0.913
0.09532	0.9155
0.09632	0.9179
0.0972	0.9202
0.09809	0.9225
0.09898	0.9248
0.09985	0.9271
0.1006	0.9294
0.1013	0.9315
0.102	0.9337
0.1027	0.9358
0.1034	0.9379
0.1039	0.9399
0.1044	0.9418
0.105	0.9438
0.1055	0.9458
0.1059	0.9476
0.1062	0.9494
0.1066	0.9512
0.1069	0.953
0.1072	0.9547
0.1074	0.9563
0.1075	0.9579
0.1077	0.9595
0.1079	0.9611
0.1079	0.9625
0.1079	0.9638
0.1079	0.9652
0.1079	0.9666
0.1077	0.9679
0.1076	0.9691
0.1074	0.9702
0.1072	0.9714
0.107	0.9725
0.1067	0.9735
0.1063	0.9744
0.106	0.9754
0.1057	0.9763
0.1052	0.9771
0.1047	0.9778
0.1042	0.9785
0.1037	0.9792
0.1031	0.9799
0.1025	0.9804
0.1018	0.9808
0.1012	0.9813
0.1005	0.9818
0.09975	0.982
0.09897	0.9822
0.0982	0.9824
0.09741	0.9826
0.09651	0.9827
0.09561	0.9827
0.0947	0.9827
0.09379	0.9826
0.09282	0.9825
0.09179	0.9822
0.09077	0.9819
0.08974	0.9816
0.0887	0.9813
0.08756	0.9808
0.08643	0.9803
0.0853	0.9797
0.08416	0.9791
0.08296	0.9785
0.08173	0.9776
0.0805	0.9768
0.07927	0.9759
0.07802	0.9751
0.0767	0.974
0.07539	0.9729
0.07408	0.9718
0.07277	0.9707
0.07139	0.9694
0.07001	0.968
0.06863	0.9667
0.06724	0.9653
0.06583	0.9639
0.06439	0.9622
0.06294	0.9606
0.0615	0.9589
0.06005	0.9573
0.05856	0.9554
0.05707	0.9535
0.05558	0.9516
0.05409	0.9497
0.05257	0.9477
0.05105	0.9455
0.04952	0.9433
0.04799	0.9412
0.04645	0.939
0.0449	0.9366
0.04334	0.9342
0.04178	0.9317
0.04023	0.9293
0.03865	0.9268
0.03708	0.9241
0.0355	0.9214
0.03393	0.9188
0.03235	0.9161
0.03077	0.9132
0.02918	0.9103
0.0276	0.9074
0.02601	0.9045
0.02443	0.9014
0.02284	0.8983
0.02125	0.8952
0.01966	0.892
0.01808	0.8888
0.0165	0.8855
0.01491	0.8822
0.01333	0.8788
0.01175	0.8755
0.01018	0.8719
0.008601	0.8684
0.007026	0.8648
0.005454	0.8613
0.003896	0.8576
0.002336	0.8539
0.0007771	0.8501
-0.0007822	0.8464
-0.002327	0.8426
-0.003867	0.8386
-0.005406	0.8347
-0.006947	0.8308
-0.008479	0.8268
-0.009993	0.8228
-0.01151	0.8186
-0.01302	0.8145
-0.01454	0.8104
-0.01603	0.8062
-0.01752	0.8019
-0.019	0.7976
-0.02049	0.7934
-0.02196	0.7891
-0.02341	0.7846
-0.02487	0.7802
-0.02632	0.7757
-0.02777	0.7713
-0.02919	0.7668
-0.0306	0.7622
-0.03202	0.7576
-0.03344	0.753
-0.03482	0.7483
-0.0362	0.7436
-0.03757	0.7389
-0.03895	0.7341
-0.0403	0.7294
-0.04163	0.7245
-0.04296	0.7197
-0.04428	0.7148
-0.04561	0.7099
-0.04689	0.705
-0.04816	0.7
-0.04944	0.695
-0.05071	0.69
-0.05195	0.685
-0.05317	0.6799
-0.05439	0.6748
-0.0556	0.6697
-0.05681	0.6645
-0.05796	0.6594
-0.05912	0.6541
-0.06027	0.6489
-0.06142	0.6437
-0.06252	0.6384
-0.06361	0.6331
-0.06469	0.6277
-0.06578	0.6224
-0.06684	0.6171
-0.06785	0.6117
-0.06886	0.6062
-0.06987	0.6008
-0.07088	0.5953
-0.07182	0.5899
-0.07275	0.5843
-0.07368	0.5788
-0.07462	0.5733
-0.0755	0.5677
-0.07636	0.5621
-0.07721	0.5565
-0.07806	0.5509
-0.0789	0.5452
-0.07966	0.5396
-0.08043	0.5339
-0.0812	0.5282
-0.08196	0.5225
-0.08266	0.5167
-0.08334	0.511
-0.08402	0.5052
-0.0847	0.4994
-0.08535	0.4936
-0.08594	0.4878
-0.08654	0.4819
-0.08713	0.4761
-0.08772	0.4702
-0.08823	0.4643
-0.08873	0.4584
-0.08924	0.4525
-0.08974	0.4466
-0.0902	0.4407
-0.09062	0.4347
-0.09104	0.4288
-0.09146	0.4228
-0.09186	0.4169
-0.09219	0.4109
-0.09253	0.4049
-0.09287	0.3989
-0.0932	0.3929
-0.09347	0.3869
-0.09373	0.3808
-0.09398	0.3748
-0.09424	0.3688
-0.09447	0.3627
-0.09464	0.3567
-0.09482	0.3506
-0.095	0.3446
-0.09518	0.3385
-0.09528	0.3325
-0.09539	0.3264
-0.0955	0.3204
-0.0956	0.3143
-0.09567	0.3083
-0.09571	0.3022
-0.09575	0.2962
-0.09579	0.2901
-0.09581	0.2841
-0.09579	0.278
-0.09576	0.272
-0.09574	0.266
-0.09571	0.2599
-0.09564	0.2539
-0.09556	0.2479
-0.09547	0.2419
-0.09539	0.2359
-0.09528	0.2299
-0.09515	0.224
-0.09501	0.218
-0.09487	0.2121
-0.09473	0.2061
-0.09454	0.2002
-0.09435	0.1943
-0.09416	0.1884
-0.09397	0.1825
-0.09375	0.1766
-0.09351	0.1708
-0.09328	0.165
-0.09304	0.1592
-0.09279	0.1533
-0.09251	0.1476
-0.09223	0.1418
-0.09194	0.1361
-0.09166	0.1303
-0.09134	0.1246
-0.09102	0.119
-0.0907	0.1133
-0.09037	0.1077
-0.09003	0.102
-0.08967	0.09644
-0.08931	0.09089
-0.08895	0.08533
-0.08858	0.07978
-0.08819	0.07428
-0.08779	0.06883
-0.08739	0.06337
-0.087	0.05793
-0.08658	0.0525
-0.08615	0.04715
-0.08572	0.04181
-0.08529	0.03648
-0.08486	0.03113
-0.0844	0.02588
-0.08394	0.02066
-0.08348	0.01543
-0.08302	0.0102
-0.08254	0.005021
-0.08206	-9.246e-05
-0.08158	-0.005205
-0.08109	-0.01031
-0.0806	-0.01542
-0.0801	-0.02043
-0.07959	-0.02542
-0.07909	-0.03042
-0.07858	-0.03542
-0.07806	-0.04035
-0.07753	-0.04523
-0.07701	-0.05012
-0.07649	-0.055
-0.07595	-0.05986
-0.07542	-0.06464
-0.07488	-0.06941
-0.07434	-0.07418
-0.0738	-0.07896
-0.07325	-0.08364
-0.0727	-0.08831
-0.07215	-0.09297
-0.0716	-0.09764
-0.07104	-0.1023
-0.07048	-0.1068
-0.06992	-0.1114
-0.06936	-0.1159
-0.0688	-0.1205
-0.06824	-0.125
-0.06767	-0.1294
-0.0671	-0.1339
-0.06654	-0.1384
-0.06597	-0.1428
-0.06539	-0.1471
-0.06482	-0.1515
-0.06425	-0.1559
-0.06367	-0.1602
-0.0631	-0.1645
-0.06252	-0.1688
-0.06194	-0.1731
-0.06137	-0.1774
-0.06079	-0.1816
-0.0602	-0.1858
-0.05962	-0.19
-0.05904	-0.1942
-0.05846	-0.1983
-0.05787	-0.2025
-0.05729	-0.2066
-0.0567	-0.2107
-0.05611	-0.2148
-0.05552	-0.2189
-0.05493	-0.2229
-0.05434	-0.227
-0.05375	-0.231
-0.05315	-0.235
-0.05256	-0.239
-0.05196	-0.243
-0.05136	-0.247
-0.05076	-0.251
-0.05015	-0.2541
-0.04952	-0.2568
-0.04889	-0.2594
-0.04826	-0.262
-0.04762	-0.2644
-0.04698	-0.2668
-0.04634	-0.2692
-0.0457	-0.2716
-0.04506	-0.2739
-0.04441	-0.2761
-0.04376	-0.2783
-0.04311	-0.2804
-0.04246	-0.2825
-0.0418	-0.2845
-0.04115	-0.2865
-0.04049	-0.2885
-0.03983	-0.2904
-0.03916	-0.2922
-0.0385	-0.294
-0.03783	-0.2957
-0.03717	-0.2974
-0.0365	-0.2991
-0.03583	-0.3006
-0.03515	-0.3022
-0.03448	-0.3037
-0.03381	-0.3052
-0.03313	-0.3066
-0.03245	-0.3079
-0.03177	-0.3092
-0.03109	-0.3105
-0.03041	-0.3117
-0.02973	-0.3128
-0.02904	-0.314
-0.02836	-0.315
-0.02767	-0.3161
-0.02698	-0.317
-0.0263	-0.3179
-0.02561	-0.3188
-0.02492	-0.3197
-0.02423	-0.3204
-0.02353	-0.3211
-0.02284	-0.3218
-0.02215	-0.3225
-0.02145	-0.323
-0.02076	-0.3236
-0.02006	-0.324
-0.01936	-0.3245
-0.01866	-0.3249
-0.01796	-0.3252
-0.01726	-0.3255
-0.01656	-0.3257
-0.01586	-0.3259
-0.01515	-0.3261
-0.01444	-0.3262
-0.01373	-0.3262
-0.01302	-0.3262
-0.01231	-0.3262
-0.01159	-0.3261
-0.01088	-0.3259
-0.01016	-0.3257
-0.009438	-0.3255
-0.008711	-0.3252
-0.007984	-0.3249
-0.007256	-0.3245
-0.006526	-0.3241
-0.005789	-0.3236
-0.005048	-0.3231
-0.004307	-0.3225
-0.003566	-0.3219
-0.002818	-0.3213
-0.002063	-0.3206
-0.001306	-0.3198
-0.0005502	-0.319
0.000208	-0.3182
0.0009805	-0.3173
0.001753	-0.3164
0.002527	-0.3154
0.003301	-0.3144
0.004086	-0.3134
0.004877	-0.3123
0.005669	-0.3111
0.006461	-0.31
0.007258	-0.3088
0.008068	-0.3075
0.008879	-0.3062
0.009689	-0.3048
0.0105	-0.3035
0.01133	-0.3021
0.01216	-0.3006
0.01299	-0.2991
0.01382	-0.2976
0.01465	-0.2961
0.0155	-0.2944
0.01635	-0.2928
0.01719	-0.2911
0.01804	-0.2895
0.0189	-0.2877
0.01977	-0.2859
0.02063	-0.2841
0.02149	-0.2823
0.02236	-0.2804
0.02323	-0.2785
0.02411	-0.2765
0.02498	-0.2746
0.02586	-0.2726
0.02674	-0.2706
0.02762	-0.2685
0.0285	-0.2664
0.02938	-0.2643
0.03026	-0.2621
0.03115	-0.2599
0.03203	-0.2577
0.03292	-0.2555
0.0338	-0.2533
0.03468	-0.251
0.03556	-0.2486
0.03644	-0.2463
0.03732	-0.244
0.03819	-0.2416
0.03906	-0.2391
0.03993	-0.2367
0.0408	-0.2343
0.04166	-0.2318
0.04251	-0.2293
0.04337	-0.2268
0.04422	-0.2242
0.04507	-0.2217
0.0459	-0.2191
0.04674	-0.2165
0.04757	-0.2139
0.0484	-0.2112
0.04921	-0.2086
0.05002	-0.2059
0.05082	-0.2032
0.05163	-0.2005
0.05241	-0.1978
0.05319	-0.195
0.05396	-0.1923
0.05474	-0.1895
0.0555	-0.1868
0.05624	-0.184
0.05698	-0.1811
0.05771	-0.1783
0.05845	-0.1755
0.05916	-0.1727
0.05985	-0.1698
0.06055	-0.167
0.06125	-0.1641
0.06193	-0.1612
0.06258	-0.1583
0.06323	-0.1554
0.06389	-0.1526
0.06454	-0.1497
0.06515	-0.1468
0.06576	-0.1438
0.06637	-0.1409
0.06698	-0.138
0.06757	-0.1351
0.06813	-0.1322
0.0687	-0.1292
0.06926	-0.1263
0.06982	-0.1234
0.07034	-0.1204
0.07086	-0.1175
0.07138	-0.1146
0.0719	-0.1116
0.07239	-0.1087
0.07287	-0.1058
0.07335	-0.1028
0.07383	-0.0999
0.07429	-0.09698
0.07473	-0.09406
0.07516	-0.09114
0.0756	-0.08823
0.07604	-0.08532
0.07644	-0.08242
0.07684	-0.07952
0.07724	-0.07663
0.07764	-0.07374
0.07802	-0.07087
0.07839	-0.06799
0.07876	-0.06513
0.07913	-0.06227
0.07949	-0.05943
0.07982	-0.05658
0.08016	-0.05376
0.0805	-0.05093
0.08083	-0.04813
0.08115	-0.04532
0.08146	-0.04254
0.08177	-0.03975
0.08209	-0.03699
0.08239	-0.03422
0.08268	-0.03149
0.08297	-0.02874
0.08326	-0.02603
0.08355	-0.02331
0.08382	-0.02063
0.08409	-0.01792
0.08437	-0.01528
0.08464	-0.01259
0.0849	-0.00999
0.08516	-0.007309
0.08542	-0.004779
0.08569	-0.002001
0.08589	-0.001708
0.08608	-0.0022
0.08627	-0.002576
0.08646	-0.003031
0.08664	-0.003415
0.08683	-0.003848
0.08701	-0.004229
0.08719	-0.004642
0.08738	-0.005016
0.08756	-0.005414
0.08774	-0.005778
0.08792	-0.006156
0.0881	-0.006506
0.08828	-0.006869
0.08846	-0.007207
0.08864	-0.00755
0.08882	-0.007867
0.089	-0.008194
0.08919	-0.008498
0.08937	-0.008804
0.08955	-0.009084
0.08973	-0.00937
0.08992	-0.009635
0.0901	-0.009901
0.09029	-0.01014
0.09047	-0.01038
0.09066	-0.0106
0.09085	-0.01083
0.09104	-0.01102
0.09123	-0.01122
0.09141	-0.01139
0.0916	-0.01157
0.0918	-0.01172
0.09199	-0.01186
0.09218	-0.01199
0.09237	-0.01211
0.09256	-0.01222
0.09276	-0.01231
0.09295	-0.01239
0.09315	-0.01246
0.09334	-0.01251
0.09354	-0.01255
0.09373	-0.01258
0.09393	-0.01259
0.09412	-0.01259
0.09431	-0.01258
0.09451	-0.01255
0.0947	-0.01251
0.09489	-0.01246
0.09508	-0.0124
0.09528	-0.01231
0.09547	-0.01222
0.09566	-0.01211
0.09584	-0.01199
0.09603	-0.01185
0.09621	-0.0117
0.0964	-0.01154
0.09658	-0.01136
0.09676	-0.01117
0.09693	-0.01097
0.09711	-0.01075
0.09728	-0.01052
0.09745	-0.01028
0.09762	-0.01002
0.09778	-0.009747
0.09795	-0.009465
0.0981	-0.009167
0.09825	-0.008859
0.0984	-0.008535
0.09855	-0.008202
0.0987	-0.007852
0.09883	-0.007493
0.09897	-0.00712
0.0991	-0.006737
0.09923	-0.006339
0.09935	-0.005931
0.09947	-0.005509
0.09958	-0.005081
0.09969	-0.004637
0.0998	-0.004183
0.09989	-0.003715
0.09998	-0.003243
0.1001	-0.002757
0.1002	-0.002262
0.1002	-0.00175
0.1003	-0.001238
0.1004	-0.0007137
0.1004	-0.0001802
0.1005	0.000368
0.1005	0.0009211
0.1006	0.001479
0.1006	0.002045
0.1007	0.002625
0.1007	0.003216
0.1007	0.003804
0.1007	0.004397
0.1008	0.005005
0.1008	0.005622
0.1008	0.006242
0.1008	0.006858
0.1008	0.007488
0.1008	0.008125
0.1007	0.008774
0.1007	0.009408
0.1007	0.01005
0.1007	0.01071
0.1006	0.01137
0.1006	0.01203
0.1006	0.01268
0.1005	0.01335
0.1005	0.01402
0.1004	0.01469
0.1004	0.01536
0.1003	0.01602
0.1002	0.0167
0.1002	0.01739
0.1001	0.01805
0.1	0.01872
0.09995	0.0194
0.09988	0.02008
0.09979	0.02076
0.09971	0.02142
0.09962	0.02209
0.09954	0.02276
0.09944	0.02344
0.09934	0.0241
0.09924	0.02476
0.09915	0.02542
0.09904	0.0261
0.09893	0.02675
0.09882	0.02739
0.09871	0.02804
0.09859	0.0287
0.09847	0.02935
0.09834	0.02998
0.09822	0.03061
0.09809	0.03125
0.09795	0.03189
0.0978	0.0325
0.09766	0.03311
0.09752	0.03372
0.09736	0.03434
0.09719	0.03494
0.09703	0.03553
0.09686	0.03612
0.09669	0.03671
0.09649	0.0373
0.0963	0.03786
0.09611	0.03843
0.09591	0.03899
0.09569	0.03956
0.09547	0.0401
0.09523	0.04063
0.09501	0.04116
0.09474	0.0417
0.09411	0.04223
0.09339	0.04274
0.09267	0.04325
0.09195	0.04376
0.09118	0.04428
0.09042	0.04475
0.08966	0.04522
0.08891	0.0457
0.08811	0.04618
0.08731	0.04663
0.08651	0.04706
0.08572	0.04749
0.08491	0.04793
0.08406	0.04835
0.08321	0.04874
0.08237	0.04913
0.08153	0.04952
0.08064	0.04992
0.07975	0.05027
0.07886	0.05061
0.07798	0.05095
0.07706	0.0513
0.07611	0.05162
0.07517	0.05191
0.07424	0.0522
