0	-0
-0.0007061857671	-0.0004092482324
-0.001421207524	-0.000813439776
-0.002145065271	-0.001212574631
-0.002877759007	-0.001606652797
-0.003619288734	-0.001995674275
-0.004367488747	-0.002377172364
-0.005123489047	-0.002752434117
-0.005887513779	-0.003121714831
-0.006659562942	-0.003485014504
-0.007437573494	-0.003840121475
-0.008220889795	-0.004186332874
-0.009011398632	-0.004525671409
-0.009809100007	-0.004858137081
-0.01061338995	-0.005183122893
-0.01141911681	-0.005495451376
-0.01223119401	-0.005800060582
-0.01304962156	-0.006096950511
-0.01387439945	-0.006386121162
-0.0146998393	-0.006662249805
-0.01552857205	-0.006927798258
-0.0163628105	-0.007184837083
-0.01720255465	-0.007433366281
-0.0180447531	-0.007670752986
-0.01888527975	-0.007893437055
-0.01973047076	-0.008106885546
-0.02058032611	-0.008311098459
-0.02143484581	-0.008506075795
-0.02228326424	-0.008683351227
-0.02313463258	-0.008850042816
-0.02398983109	-0.009006842812
-0.02484885978	-0.009153751215
-0.02570474732	-0.009285840979
-0.02655761028	-0.00940319449
-0.02741347868	-0.009510073515
-0.0282723525	-0.009606478054
-0.02913225711	-0.009691174058
-0.02998202666	-0.009757183492
-0.03083398757	-0.009812209691
-0.03168813984	-0.009856252655
-0.03254448348	-0.009889312384
-0.03339081559	-0.00990477923
-0.03423437955	-0.009906576536
-0.03507933178	-0.00989695562
-0.03592567229	-0.009875916481
-0.03676720527	-0.00984062345
-0.03759796836	-0.009788347696
-0.03842932771	-0.009724291234
-0.03926128332	-0.009648454064
-0.0400938352	-0.009560836187
-0.04090834834	-0.009454486551
-0.04172179885	-0.009335737423
-0.0425350644	-0.009204916183
-0.043348145	-0.00906202283
-0.04414914902	-0.008903658955
-0.04494003462	-0.008730384163
-0.04572994963	-0.008544812739
-0.04651889404	-0.008346944683
-0.04730317323	-0.008136054803
-0.04806761696	-0.007909165455
-0.04883032753	-0.007669829797
-0.04959130494	-0.007418047828
-0.05035054919	-0.007153819549
-0.05108981241	-0.006875210854
-0.05182133587	-0.006583519205
-0.05255037727	-0.006279301869
-0.05327693661	-0.005962558847
-0.0539916099	-0.005633174054
-0.05468794756	-0.005291067878
-0.05538106442	-0.004936426897
-0.05607096048	-0.004569251109
-0.05675763573	-0.004189540516
-0.05741521009	-0.00379949834
-0.05806848445	-0.003397013231
-0.05871780924	-0.002982055358
-0.05936318448	-0.00255462472
-0.0599884077	-0.00211774759
-0.06059798437	-0.001670582443
-0.06120289235	-0.001211078848
-0.06180313164	-0.0007392368053
-0.0623930453	-0.0002567065923
-0.06295514895	0.0002314111544
-0.06351187459	0.0007316604217
-0.06406322223	0.001244041209
-0.06460919185	0.001768553518
-0.06512584332	0.002295632939
-0.0656307175	0.002832287277
-0.06612951464	0.003380793868
-0.06662223476	0.003941152713
-0.0670962665	0.004506945793
-0.06754575958	0.005075195856
-0.06798848828	0.005654948369
-0.06842445259	0.006246203331
-0.0688530647	0.006848596728
-0.0692438321	0.007443245276
-0.06962716146	0.008048979095
-0.07000305277	0.008665798184
-0.07037150603	0.009293702544
-0.07071239456	0.009918002034
-0.07103324684	0.01054419158
-0.07134600412	0.0111809869
-0.07165066639	0.01182838799
-0.07193971281	0.01248007128
-0.07219533213	0.01312106102
-0.07244221996	0.01377212137
-0.07268037629	0.01443325231
-0.07290980112	0.01510445386
-0.0731030729	0.01575960309
-0.07328175597	0.0164192431
-0.07345109601	0.01708837114
-0.07361109304	0.01776698722
-0.07374739701	0.0184397792
-0.0738560126	0.01910248388
-0.07395470363	0.01977405607
-0.0740434701	0.02045449576
-0.07412070745	0.02114189872
-0.07415792174	0.02180244918
-0.0741846651	0.02247121874
-0.07420093755	0.0231482074
-0.07420673906	0.02383341516
-0.07418210147	0.02450056083
-0.0741361735	0.02516168556
-0.07407926847	0.02583036324
-0.07401138638	0.02650659387
-0.07392497374	0.02717933773
-0.07380623404	0.02782843072
-0.07367605579	0.02848440219
-0.07353443901	0.02914725214
-0.07338138369	0.02981698057
-0.07319368748	0.03045571082
-0.07299071335	0.03109505195
-0.07277588742	0.03174059693
-0.07254920969	0.03239234576
-0.07229917814	0.03302910107
-0.07202441184	0.03364831793
-0.07173743108	0.03427307028
-0.07143823586	0.03490335812
-0.07112504956	0.03553542474
-0.07077995074	0.0361313748
-0.07042232642	0.03673220265
-0.0700521766	0.03733790828
-0.06966950127	0.0379484917
-0.06926157098	0.0385323783
-0.06883517246	0.03910640215
-0.06839598854	0.03968465914
-0.06794401923	0.04026714926
-0.06747470326	0.04084021974
-0.06698163292	0.04138469089
-0.06647556631	0.041932764
-0.06595650342	0.04248443906
-0.06542444427	0.04303971607
-0.06486810256	0.04355641469
-0.06429739152	0.04407158366
-0.06371351861	0.04458973572
-0.06311648385	0.04511087089
-0.06250132772	0.04561095887
-0.06186813525	0.04609041156
-0.06122165525	0.04657223846
-0.06056188773	0.04705643957
-0.05988798187	0.04753747806
-0.05919423383	0.04797823464
-0.05848710576	0.04842076345
-0.05776659766	0.0488650645
-0.05703270954	0.04931113778
-0.05628145814	0.04972356043
-0.05551523627	0.05012361162
-0.0547355671	0.05052483685
-0.05394245065	0.05092723613
-0.05313448619	0.05131432829
-0.05231017901	0.05166852624
-0.0514723738	0.05202330118
-0.05062107055	0.05237865311
-0.04975626927	0.05273458203
-0.04887447608	0.05304276451
-0.0479789005	0.05334759104
-0.04706978369	0.05365239712
-0.04614712565	0.05395718275
-0.04520879738	0.05423329349
-0.0442550913	0.05448466481
-0.04328779957	0.0547354178
-0.04230692218	0.05498555245
-0.04131174347	0.05522707828
-0.04029882867	0.05542164582
-0.03927227479	0.05561499847
-0.03823208182	0.05580713624
-0.03717824977	0.05599805913
-0.03610594341	0.0561462388
-0.03501836393	0.05627916945
-0.03391707646	0.05641029336
-0.032802081	0.05653961052
-0.03167033271	0.05664715044
-0.03051942476	0.05671712701
-0.02935472001	0.0567847144
-0.02817621846	0.05684991261
-0.02698392012	0.05691272165
-0.02576734997	0.05691961284
-0.02453652069	0.05692175224
-0.02329178355	0.05692093495
-0.02203313856	0.05691716096
-0.02075298127	0.05687919647
-0.01945316421	0.05681465041
-0.01813930611	0.05674660063
-0.01681140699	0.05667504714
-0.01546666714	0.0565904471
-0.01409506905	0.05645865542
-0.01269067802	0.05624041494
-0.01123792155	0.05582844378
-0.009785165078	0.05541647263
-0.008318871174	0.0549649041
-0.00684890852	0.05450260436
-0.005378945865	0.05404030463
-0.00390898321	0.0535780049
-0.00243191314	0.05309722125
-0.0009438764605	0.05258791726
0.0005441602189	0.05207861328
0.002032196898	0.05156930929
0.003520233578	0.0510600053
0.005026345304	0.05050717003
0.006532462432	0.04995432175
0.00803857956	0.04940147347
0.009544696688	0.04884862519
0.01106116046	0.04827147395
0.01258434667	0.04767853258
0.01410753288	0.04708559121
0.01563071909	0.04649264983
0.01715708469	0.04589188925
0.01869522397	0.04526217328
0.02023336325	0.0446324573
0.02177150252	0.04400274132
0.0233096418	0.04337302535
0.02485733002	0.04271571217
0.02640712733	0.04205230357
0.02795692464	0.04138889496
0.02950672194	0.04072548636
0.03105959515	0.04004892922
0.03261662051	0.03935462282
0.03417364587	0.03866031642
0.03573067124	0.03796601002
0.03728775066	0.03727079362
0.03884646492	0.0365480596
0.04040517917	0.03582532558
0.04196389342	0.03510259157
0.04352260768	0.03437985755
0.04507820986	0.03364025593
0.04663204987	0.03289110326
0.04818588989	0.03214195059
0.0497397299	0.03139279793
0.05129049099	0.03063758727
0.05283176065	0.02986370157
0.05437303031	0.02908981588
0.05591429997	0.02831593019
0.05745556963	0.0275420445
0.05897945375	0.02674892966
0.06050030342	0.02595245857
0.06202115308	0.02515598748
0.06354200274	0.02435951639
0.06504968666	0.02355342895
0.06654178133	0.022735955
0.068033876	0.02191848105
0.06952597067	0.02110100711
0.07101567175	0.02028228477
0.07247055347	0.01944540219
0.07392543519	0.0186085196
0.07538031691	0.01777163702
0.07683519863	0.01693475444
0.07825949296	0.0160860094
0.07966877519	0.01523144234
0.08107805741	0.01437687528
0.08248733964	0.01352230821
0.08388174784	0.01266338565
0.08523738077	0.01179310866
0.0865930137	0.01092283168
0.08794864663	0.01005255469
0.08930427956	0.009182277704
0.09060585447	0.008300184033
0.09190031554	0.007416535331
0.09319477662	0.006532886629
0.09448923769	0.005649237927
0.09575038859	0.004760388221
0.0969768932	0.003866128894
0.09820339782	0.002971869567
0.09942990243	0.002077610241
0.1006492702	0.001182636795
0.1018019189	0.0002809873353
0.1029545675	-0.0006206621242
0.1041072161	-0.001522311584
0.1052598648	-0.002423961043
0.1063571488	-0.003328255583
0.1074310532	-0.004233667103
0.1085049576	-0.005139078623
0.109578862	-0.006044490142
0.1106272136	-0.006949840043
0.1116185712	-0.007855052504
0.1126099288	-0.008760264965
0.1136012864	-0.009665477427
0.114592644	-0.01057068989
0.1155059258	-0.01147191924
0.1164120494	-0.0123727834
0.117318173	-0.01327364757
0.1182242966	-0.01417451174
0.1190850607	-0.01507091455
0.1199043683	-0.0159632399
0.1207236759	-0.01685556525
0.1215429836	-0.0177478906
0.1223510282	-0.01863859044
0.1230829859	-0.01951830928
0.1238149436	-0.02039802811
0.1245469014	-0.02127774694
0.1252788591	-0.02215746578
0.1259468963	-0.02302511245
0.1265919351	-0.0238884156
0.1272369739	-0.02475171874
0.1278820127	-0.02561502189
0.1284977748	-0.02647153392
0.1290571756	-0.02731497222
0.1296165765	-0.02815841052
0.1301759774	-0.02900184882
0.1307353782	-0.02984528711
0.1312154696	-0.03066700769
0.1316912396	-0.03148754491
0.1321670096	-0.03230808213
0.1326427795	-0.03312861935
0.1330735946	-0.03393499469
0.1334683341	-0.03473000534
0.1338630735	-0.03552501598
0.1342578129	-0.03632002663
0.13463998	-0.03711055527
0.1349567519	-0.03787777085
0.1352735239	-0.03864498643
0.1355902958	-0.03941220201
0.1359070678	-0.04017941759
0.136166595	-0.04092375659
0.1364088019	-0.04166117384
0.1366510087	-0.04239859109
0.1368932155	-0.04313600834
0.1371088805	-0.04386158155
0.1372801533	-0.04456734512
0.137451426	-0.04527310868
0.1376226988	-0.04597887224
0.1377939716	-0.04668463581
0.1378993863	-0.04735757439
0.1380035008	-0.04802986486
0.1381076152	-0.04870215533
0.1382117296	-0.0493744458
0.1382786865	-0.05002597836
0.1383195109	-0.05066291211
0.1383603353	-0.05129984587
0.1384011597	-0.05193677962
0.138430498	-0.05256648012
0.1384119813	-0.0531660446
0.1383934647	-0.05376560908
0.138374948	-0.05436517357
0.1383564314	-0.05496473805
0.1382936874	-0.0555326655
0.1382198882	-0.05609268486
0.138146089	-0.05665270423
0.1380722898	-0.05721272359
0.1379777373	-0.05775571475
0.1378528825	-0.05827384285
0.1377280277	-0.05879197095
0.1376031729	-0.05931009905
0.137477715	-0.05982765243
0.1373062823	-0.06030139297
0.1371348495	-0.06077513351
0.1369634168	-0.06124887405
0.136791984	-0.06172261459
0.1365946814	-0.06216724085
0.1363814831	-0.06259397812
0.1361682849	-0.0630207154
0.1359550867	-0.06344745267
0.1357336337	-0.06386296959
0.1354838888	-0.06424003106
0.1352341439	-0.06461709254
0.134984399	-0.06499415401
0.1347346541	-0.06537121549
0.1344592156	-0.06570471135
0.1341786013	-0.06602943131
0.1338979871	-0.06635415127
0.1336173728	-0.06667887124
0.1333259061	-0.06697949836
0.1330205596	-0.06724931162
0.1327152131	-0.06751912487
0.1324098666	-0.06778893813
0.1321036981	-0.06805615826
0.1317801897	-0.06826867486
0.1314566813	-0.06848119147
0.1311331729	-0.06869370807
0.1308096645	-0.06890622467
0.1304788107	-0.06908001436
0.1301440315	-0.06923310833
0.1298092523	-0.0693862023
0.1294744732	-0.06953929627
0.1291386117	-0.06967658134
0.1287996406	-0.06976844369
0.1284606694	-0.06986030604
0.1281216983	-0.06995216839
0.1277827271	-0.07004403074
0.1274462168	-0.07008170733
0.1271100916	-0.07011090137
0.1267739665	-0.07014009542
0.1264378413	-0.07016928946
0.1261062455	-0.07016846752
0.1257797347	-0.07013394767
0.1254532239	-0.07009942783
0.1251267131	-0.07006490799
0.1248014293	-0.07002539721
0.1244907373	-0.06992653471
0.1241800453	-0.06982767221
0.1238693533	-0.0697288097
0.1235586612	-0.0696299472
0.1232624635	-0.06948693001
0.1229729611	-0.0693235167
0.1226834586	-0.06916010339
0.1223939561	-0.06899669008
0.1221118498	-0.0688145923
0.121847808	-0.06858685886
0.1215837663	-0.06835912543
0.1213197245	-0.06813139199
0.1210556828	-0.06790365856
0.1208171138	-0.06761883545
0.1205814713	-0.06732745364
0.1203458288	-0.06703607182
0.1201101863	-0.06674469
0.1198895791	-0.06642182208
0.1196838034	-0.06606789535
0.1194780277	-0.06571396863
0.1192722519	-0.0653600419
0.119069745	-0.06499940626
0.1188937188	-0.06458442164
0.1187176925	-0.06416943702
0.1185416663	-0.0637544524
0.1183656401	-0.06333946778
0.118209742	-0.06288202027
0.1180618145	-0.06240775809
0.117913887	-0.06193349591
0.1177659594	-0.06145923373
0.1176262048	-0.06096614697
0.1175035962	-0.06043356862
0.1173809875	-0.05990099028
0.1172583788	-0.05936841193
0.1171357702	-0.05883583359
0.1170322138	-0.05825143114
0.1169301077	-0.05766308382
0.1168280016	-0.0570747365
0.1167258955	-0.05648638918
0.1166317749	-0.05586919685
0.1165445748	-0.05522700669
0.1164573747	-0.05458481653
0.1163701746	-0.05394262637
0.1162842384	-0.05329291884
0.1162059268	-0.05259785949
0.1161276153	-0.05190280015
0.1160493037	-0.0512077408
0.1159709922	-0.05051268145
0.115894644	-0.04977810533
0.1158189551	-0.04903026194
0.1157432662	-0.04828241856
0.1156675773	-0.04753457517
0.1155906492	-0.04676763237
0.1155114709	-0.04596600478
0.1154322926	-0.0451643772
0.1153531143	-0.04436274962
0.115273936	-0.04356112204
0.1151859855	-0.04270553066
0.1150976844	-0.04184778281
0.1150093834	-0.04099003495
0.1149210823	-0.0401322871
0.1148248291	-0.03924056129
0.1147225288	-0.03832299688
0.1146202285	-0.03740543247
0.1145179281	-0.03648786806
0.1144125017	-0.03555897419
0.1142922865	-0.03457648381
0.1141720712	-0.03359399344
0.114051856	-0.03261150306
0.1139316408	-0.03162901268
0.1137952078	-0.03059089298
0.1136542261	-0.02953717065
0.1135132443	-0.02848344831
0.1133722626	-0.02742972598
0.1132225649	-0.02634557443
0.1130590859	-0.02521330931
0.1128956069	-0.02408104419
0.1127321279	-0.02294877907
0.1125686489	-0.02181651395
0.1123821647	-0.02059833614
0.112195539	-0.01937962968
0.1120089133	-0.01816092322
0.1118222876	-0.01694221676
0.1116219942	-0.01566674864
0.1114126023	-0.01435349398
0.1112032103	-0.01304023932
0.1109938183	-0.01172698466
0.1107799855	-0.01039256139
0.1105491203	-0.008976948076
0.110318255	-0.007561334765
0.1100873898	-0.006145721453
0.1098565246	-0.004730108141
0.1096099064	-0.003225509652
0.1093596712	-0.001700479847
0.1091094361	-0.0001754500426
0.108859201	0.001349579762
0.1086020024	0.00292298357
0.108335177	0.004563263042
0.1080683516	0.006203542514
0.1078015262	0.007843821986
0.1075343539	0.009487230546
0.1072542852	0.01124696698
0.1069742164	0.01300670342
0.1066941476	0.01476643985
0.1064140789	0.01652617629
0.1061280335	0.0183629133
0.1058385178	0.02024435971
0.1055490021	0.02212580612
0.1052594865	0.02400725253
0.1049687033	0.02591781716
0.104673887	0.02792103687
0.1043790706	0.02992425658
0.1040842542	0.03192747628
0.1037894378	0.03393069599
0.1034938481	0.03603500679
0.1031981172	0.03815777883
0.1029023863	0.04028055087
0.1026066554	0.04240332291
0.1023125529	0.04457810768
0.1020204242	0.04681594137
0.1017282956	0.04905377506
0.1014361669	0.05129160874
0.1011445133	0.05353578779
0.1008605035	0.05588208104
0.1005764938	0.05822837429
0.100292484	0.06057466755
0.1000084743	0.0629209608
0.09973276704	0.0653337504
0.09946124287	0.06778004321
0.0991897187	0.07022633602
0.09891819453	0.07267262884
0.09865116001	0.07514335559
0.09839617665	0.07767966822
0.09814119328	0.08021598085
0.09788620992	0.08275229349
0.09763122656	0.08528860612
0.09739390607	0.08789418685
0.0971590424	0.09050940237
0.09692417872	0.09312461789
0.09668931504	0.09573983342
0.09646563303	0.09838751436
0.09625385517	0.1010697584
0.09604207731	0.1037520024
0.09583029945	0.1064342465
0.09562082314	0.1091214637
0.09543438868	0.1118584697
0.09524795422	0.1145954757
0.09506151976	0.1173324817
0.0948750853	0.1200694876
0.09470737918	0.1228360547
0.094547804	0.1256154559
0.09438822881	0.128394857
0.09422865362	0.1311742581
0.0940774833	0.1339628182
0.09394557951	0.1367723735
0.09381367571	0.1395819289
0.09368177192	0.1423914842
0.09354986812	0.1452010396
0.09344334104	0.1480271389
0.09333931761	0.1508548704
0.09323529417	0.1536826019
0.09313127073	0.1565103334
0.09304152946	0.1593414409
0.09296514914	0.1621757066
0.09288876882	0.1650099722
0.0928123885	0.1678442379
0.09273934927	0.170677918
0.09269010483	0.1735074274
0.09264086039	0.1763369369
0.09259161595	0.1791664463
0.09254237151	0.1819959558
0.09251248731	0.1848140082
0.09248977878	0.1876278142
0.09246707025	0.1904416202
0.09244436172	0.1932554262
0.09243038771	0.1960603792
0.09243367104	0.1988478406
0.09243695437	0.201635302
0.0924402377	0.2044227634
0.09244352103	0.2072102248
0.09247091635	0.2099630809
0.0924997824	0.2127138262
0.09252864846	0.2154645716
0.09255751452	0.2182153169
0.09260028454	0.2209403245
0.09265447784	0.2236441862
0.09270867115	0.2263480479
0.09276286445	0.2290519096
0.09282096474	0.2317469271
0.09290029391	0.2343938891
0.09297962309	0.237040851
0.09305895227	0.239687813
0.09313828144	0.242334775
0.09323655453	0.2449307884
0.09334074785	0.2475108796
0.09344494117	0.2500909709
0.0935491345	0.2526710622
0.09366227429	0.2552228442
0.09379075501	0.2577260832
0.09391923573	0.2602293221
0.09404771645	0.2627325611
0.09417619717	0.2652358
0.0943272485	0.2676542733
0.09447888283	0.2700705571
0.09463051715	0.2724868409
0.09478215147	0.2749031247
0.0949461148	0.277262925
0.09511895913	0.2795820382
0.09529180346	0.2819011515
0.09546464778	0.2842202647
0.09564090676	0.2865191866
0.09583193882	0.2887307528
0.09602297088	0.290942319
0.09621400294	0.2931538852
0.09640503501	0.2953654514
0.09660712895	0.2974833349
0.09681208923	0.2995769436
0.09701704951	0.3016705522
0.09722200979	0.3037641609
0.09743027984	0.3058061139
0.09764350075	0.3077707989
0.09785672166	0.3097354839
0.09806994257	0.3117001689
0.09828317072	0.3136638446
0.09849740603	0.3154869779
0.09871164134	0.3173101111
0.09892587665	0.3191332444
0.09914011196	0.3209563777
0.09934971049	0.3226882707
0.09955638904	0.3243627056
0.09976306759	0.3260371405
0.09996974613	0.3277115754
0.1001727089	0.3293513093
0.1003625015	0.3308680516
0.1005522941	0.3323847939
0.1007420868	0.3339015361
0.1009318794	0.3354182784
0.1010995058	0.3367980025
0.1012624795	0.3381489669
0.1014254533	0.3394999313
0.101588427	0.3408508957
0.1017354607	0.3421271016
0.1018616197	0.343305405
0.1019877787	0.3444837085
0.1021139377	0.3456620119
0.1022382662	0.3468332895
0.1023180165	0.3478334551
0.1023977668	0.3488336206
0.1024775171	0.3498337862
0.1025572674	0.3508339518
0.1026014502	0.3517165788
0.1026261341	0.3525347688
0.102650818	0.3533529588
0.1026755019	0.3541711488
0.1026844523	0.3549429018
0.1026467922	0.3555770844
0.102609132	0.3562112671
0.1025714719	0.3568454497
0.1025338117	0.3574796324
0.1024378551	0.3579556904
0.1023323157	0.3584057561
0.1022267763	0.3588558218
0.102121237	0.3593058875
0.1019824733	0.3596711549
0.1018055281	0.359938972
0.1016285829	0.3602067891
0.1014516377	0.3604746062
0.1012694659	0.3607296192
0.1010196769	0.3608189844
0.1007698879	0.3609083496
0.1005200989	0.3609977148
0.1002703099	0.36108708
0.0999715475	0.3610592384
0.09964954898	0.3609757864
0.09932755047	0.3608923344
0.09900555195	0.3608088825
0.09866370293	0.3606783082
0.09827197394	0.3604293262
0.09788024496	0.3601803441
0.09748851598	0.359931362
0.097096787	0.35968238
0.09664649786	0.3592936857
0.09618905489	0.3588879238
0.09573161192	0.358482162
0.09527416895	0.3580764002
0.0947865632	0.3575975846
0.09426850359	0.3570450104
0.09375044397	0.3564924361
0.09323238435	0.3559398618
0.09270860796	0.3553731501
0.0921356116	0.3546847184
0.09156261524	0.3539962867
0.09098961889	0.353307855
0.09041662253	0.3526194233
0.08980866842	0.3518427633
0.08918647204	0.3510301579
0.08856427566	0.3502175525
0.08794207927	0.3494049471
0.0873059638	0.3485568399
0.08663985653	0.3476322362
0.08597374927	0.3467076325
0.085307642	0.3457830287
0.08464153473	0.344858425
0.08393897514	0.343841868
0.08323339368	0.3428176882
0.08252781223	0.3417935083
0.08182223077	0.3407693285
0.08109746395	0.3396989759
0.08035567749	0.3385876626
0.07961389103	0.3374763494
0.07887210457	0.3363650361
0.07812564778	0.3352435092
0.07734961402	0.3340573001
0.07657358027	0.3328710909
0.07579754651	0.3316848817
0.07502151276	0.3304986726
0.07422050606	0.3292656004
0.0734108538	0.3280163044
0.07260120153	0.3267670084
0.07179154926	0.3255177124
0.07096995726	0.3242502785
0.07012612263	0.3229490555
0.069282288	0.3216478325
0.06843845337	0.3203466095
0.06759461874	0.3190453865
0.06671667116	0.3177043674
0.06583714445	0.316361506
0.06495761775	0.3150186446
0.06407809104	0.3136757833
0.06317729653	0.3123146942
0.06225994151	0.3109394118
0.0613425865	0.3095641293
0.06042523148	0.3081888469
0.05950109325	0.3068094392
0.05854352499	0.3054097003
0.05758595673	0.3040099615
0.05662838847	0.3026102227
0.05567082021	0.3012104839
0.05468031999	0.2997968811
0.05368026672	0.2983792566
0.05268021346	0.2969616321
0.05168016019	0.2955440076
0.05066320744	0.2941214956
0.04961886892	0.2926910634
0.0485745304	0.2912606311
0.04753019188	0.2898301989
0.04648585336	0.2883997667
0.045396724	0.286960161
0.04430705371	0.2855204446
0.04321738341	0.2840807282
0.04212771312	0.2826410117
0.04101104469	0.281196945
0.03987596344	0.2797499113
0.03874088219	0.2783028776
0.03760580093	0.2768558439
0.03646179431	0.2754074243
0.03528230626	0.2739534957
0.03410281821	0.2724995671
0.03292333016	0.2710456384
0.03174384211	0.2695917098
0.03053018908	0.2681313702
0.029308389	0.2666695018
0.02808658893	0.2652076335
0.02686478885	0.2637457652
0.0256267646	0.262279596
0.02436576767	0.2608073369
0.02310477073	0.2593350779
0.0218437738	0.2578628189
0.02058205892	0.2563902723
0.01928582959	0.2549039012
0.01798960025	0.2534175301
0.01669337091	0.251931159
0.01539714158	0.2504447878
0.01408172347	0.2489464975
0.01275488219	0.2474411115
0.01142804091	0.2459357256
0.01010119963	0.2444303397
0.008768389083	0.2429191386
0.007415961738	0.2413888273
0.006063534394	0.2398585159
0.004711107049	0.2383282045
0.003358679704	0.2367978931
0.001989133945	0.2352409214
0.000616321791	0.2336788625
-0.0007564903632	0.2321168037
-0.002129302517	0.2305547448
-0.003508917651	0.228975155
-0.004896975422	0.227373809
-0.006285033193	0.225772463
-0.007673090964	0.2241711169
-0.009061694785	0.2225672711
-0.01046011654	0.2209184785
-0.0118585383	0.219269686
-0.01325696006	0.2176208934
-0.01465538182	0.2159721008
-0.01605768671	0.2142863908
-0.01746199961	0.2125815906
-0.01886631251	0.2108767903
-0.02027062541	0.20917199
-0.02167545196	0.2074499633
-0.02308169872	0.205680307
-0.02448794548	0.2039106507
-0.02589419224	0.2021409945
-0.02730043899	0.2003713382
-0.02870539538	0.1985373682
-0.03011016248	0.1966939639
-0.03151492958	0.1948505597
-0.03291969669	0.1930071554
-0.03432238242	0.1911242427
-0.03572280008	0.1891982773
-0.03712321774	0.1872723119
-0.0385236354	0.1853463465
-0.03992346763	0.1834125164
-0.04131699766	0.1813940213
-0.04271052769	0.1793755262
-0.04410405773	0.1773570311
-0.04549758776	0.1753385361
-0.04688493775	0.1732506722
-0.04826953009	0.1711318548
-0.04965412243	0.1690130375
-0.05103871478	0.1668942201
-0.05242013438	0.1647435758
-0.05379407715	0.1625179287
-0.05516801991	0.1602922816
-0.05654196267	0.1580666344
-0.05791590543	0.1558409873
-0.05927871795	0.1535127755
-0.06064035371	0.15117372
-0.06200198947	0.1488346645
-0.06336362523	0.146495609
-0.06471813047	0.1440957367
-0.06606580796	0.1416376301
-0.06741348545	0.1391795235
-0.06876116293	0.1367214168
-0.07010699983	0.1342487981
-0.07143898695	0.1316669819
-0.07277097407	0.1290851657
-0.0741029612	0.1265033494
-0.07543494832	0.1239215332
-0.07675424186	0.1212475741
-0.07806869083	0.1185384482
-0.0793831398	0.1158293222
-0.08069758877	0.1131201963
-0.08200558981	0.1103681718
-0.08330051329	0.1075291416
-0.08459543677	0.1046901113
-0.08589036026	0.1018510811
-0.08718528374	0.09901205085
-0.0884599587	0.09604979293
-0.08973326517	0.09307920666
-0.09100657163	0.09010862039
-0.0922798781	0.08713803411
-0.09354026626	0.08409550839
-0.09478978892	0.08099247486
-0.09603931158	0.07788944134
-0.09728883423	0.07478640781
-0.09853447206	0.07166351164
-0.09975802965	0.06842772194
-0.1009815872	0.06519193224
-0.1022051448	0.06195614254
-0.1034287024	0.05872035284
-0.1046309969	0.05538418705
-0.1058264318	0.05201563871
-0.1070218666	0.04864709038
-0.1082173014	0.04527854204
-0.1094017834	0.04186189388
-0.1105670072	0.03836067159
-0.1117322309	0.03485944929
-0.1128974547	0.03135822699
-0.1140626784	0.0278570047
-0.1151966895	0.02422712743
-0.1163297021	0.02059313476
-0.1174627147	0.01695914208
-0.1185957274	0.01332514941
-0.1197091121	0.009614508632
-0.1208080167	0.005847322759
-0.1219069214	0.002080136885
-0.1230058261	-0.001687048988
-0.1240981988	-0.005478631247
-0.1251611988	-0.009379916526
-0.1262241988	-0.01328120181
-0.1272871989	-0.01718248709
-0.1283501989	-0.02108377236
-0.1293835452	-0.02509187329
-0.1304089321	-0.02912864442
-0.1314343189	-0.03316541555
-0.1324597058	-0.03720218668
-0.133469593	-0.04129318505
-0.1344557255	-0.04546729193
-0.1354418579	-0.0496413988
-0.1364279904	-0.05381550568
-0.1374140691	-0.05798979579
-0.1383593535	-0.0623033862
-0.1393046378	-0.06661697661
-0.1402499221	-0.07093056702
-0.1411952065	-0.07524415743
-0.1421147102	-0.07964388881
-0.1430175765	-0.08409921073
-0.1439204428	-0.08855453266
-0.1448233092	-0.09300985458
-0.1457167526	-0.09749598036
-0.1465756353	-0.1020950859
-0.1474345179	-0.1066941914
-0.1482934006	-0.1112932969
-0.1491522833	-0.1158924024
-0.1499737671	-0.1206107713
-0.1507870802	-0.1253551959
-0.1516003933	-0.1300996206
-0.1524137064	-0.1348440453
-0.1532068587	-0.1396508277
-0.1539729748	-0.1445412341
-0.1547390909	-0.1494316405
-0.155505207	-0.1543220468
-0.156269679	-0.1592173426
-0.1569868999	-0.1642531626
-0.1577041208	-0.1692889826
-0.1584213417	-0.1743248026
-0.1591385626	-0.1793606226
-0.1598233348	-0.1844881776
-0.1604898615	-0.1896673143
-0.1611563881	-0.194846451
-0.1618229148	-0.2000255876
-0.1624764647	-0.2052391013
-0.1630903576	-0.2105576711
-0.1637042505	-0.215876241
-0.1643181434	-0.2211948109
-0.1649320363	-0.2265133807
-0.1654992113	-0.2319459199
-0.1660583359	-0.2373980983
-0.1666174605	-0.2428502766
-0.1671765852	-0.2483024549
-0.1677094457	-0.2538124253
-0.1682114088	-0.259390383
-0.1687133719	-0.2649683406
-0.169215335	-0.2705462983
-0.1697133494	-0.2761319037
-0.170155424	-0.2818258526
-0.1705974987	-0.2875198015
-0.1710395733	-0.2932137504
-0.171481648	-0.2989076993
-0.1718813626	-0.3046718418
-0.1722604387	-0.310470184
-0.1726395148	-0.3162685262
-0.1730185909	-0.3220668683
-0.1733791147	-0.3278906411
-0.1736916611	-0.333780179
-0.1740042076	-0.3396697168
-0.1743167541	-0.3455592547
-0.1746293005	-0.3514487925
-0.1748794865	-0.3574062271
-0.1751215945	-0.3633724567
-0.1753637025	-0.3693386862
-0.1756058105	-0.3753049158
-0.1758112038	-0.3813012327
-0.1759786553	-0.3873286423
-0.1761461068	-0.393356052
-0.1763135582	-0.3993834616
-0.1764732484	-0.405415293
-0.1765616997	-0.4114877106
-0.176650151	-0.4175601281
-0.1767386023	-0.4236325457
-0.1768270536	-0.4297049632
-0.1768568162	-0.4357974496
-0.1768619864	-0.4418983455
-0.1768671566	-0.4479992413
-0.1768723268	-0.4541001372
-0.1768503571	-0.4602047346
-0.1767683076	-0.4663175262
-0.1766862582	-0.4724303178
-0.1766042088	-0.4785431093
-0.1765221593	-0.4846559009
-0.1763570018	-0.4907645271
-0.1761843841	-0.4968727795
-0.1760117664	-0.5029810318
-0.1758391487	-0.5090892842
-0.17561776	-0.5151867075
-0.1753520841	-0.5212742975
-0.1750864082	-0.5273618875
-0.1748207323	-0.5334494775
-0.1745427213	-0.5395323099
-0.1741825627	-0.5455834586
-0.1738224042	-0.5516346074
-0.1734622456	-0.5576857561
-0.173102087	-0.5637369049
-0.1726721365	-0.5697498153
-0.1722172826	-0.5757490815
-0.1717624287	-0.5817483476
-0.1713075748	-0.5877476138
-0.1708205638	-0.5937238254
-0.1702720879	-0.5996559709
-0.1697236121	-0.6055881164
-0.1691751362	-0.6115202618
-0.1686266603	-0.6174524073
-0.167991436	-0.6233064209
-0.1673516401	-0.629156317
-0.1667118442	-0.6350062132
-0.1660720484	-0.6408561093
-0.1653833346	-0.6466517895
-0.1646556205	-0.6524042455
-0.1639279063	-0.6581567014
-0.1632001922	-0.6639091573
-0.1624588302	-0.6696432213
-0.161647317	-0.675282749
-0.1608358038	-0.6809222767
-0.1600242906	-0.6865618044
-0.1592127774	-0.6922013321
-0.1583392855	-0.6977396935
-0.1574472101	-0.7032477212
-0.1565551347	-0.708755749
-0.1556630593	-0.7142637768
-0.1547432593	-0.7197175248
-0.1537774069	-0.7250811101
-0.1528115546	-0.7304446954
-0.1518457022	-0.7358082807
-0.1508798498	-0.741171866
-0.1498460636	-0.7463784541
-0.1488110498	-0.7515822051
-0.147776036	-0.7567859561
-0.1467410222	-0.7619897071
-0.1456676593	-0.7670905381
-0.1445675048	-0.7721194667
-0.1434673504	-0.7771483953
-0.1423671959	-0.7821773239
-0.1412549377	-0.787169325
-0.1400927682	-0.7920090507
-0.1389305987	-0.7968487765
-0.1377684292	-0.8016885022
-0.1366062596	-0.8065282279
-0.1353960826	-0.8112054848
-0.1341740262	-0.8158425388
-0.1329519697	-0.8204795929
-0.1317299133	-0.825116647
-0.1304838457	-0.8296659272
-0.1292029524	-0.8340879008
-0.1279220592	-0.8385098745
-0.1266411659	-0.8429318482
-0.1253594179	-0.8473505272
-0.1240198165	-0.8515462176
-0.1226802152	-0.8557419079
-0.1213406139	-0.8599375983
-0.1200010125	-0.8641332886
-0.1186245709	-0.868182221
-0.1172256476	-0.8721415944
-0.1158267242	-0.8761009679
-0.1144278009	-0.8800603413
-0.1130151571	-0.8839639276
-0.1115559201	-0.8876780657
-0.1100966831	-0.8913922038
-0.1086374461	-0.8951063419
-0.1071782091	-0.89882048
-0.1056678328	-0.9023234294
-0.1041472737	-0.9057843273
-0.1026267147	-0.9092452252
-0.1011061556	-0.9127061232
-0.0995583273	-0.9160522953
-0.0979758501	-0.9192526944
-0.09639337289	-0.9224530935
-0.09481089569	-0.9256534926
-0.093225526	-0.9288413643
-0.09158133627	-0.9317744833
-0.08993714655	-0.9347076023
-0.08829295682	-0.9376407213
-0.08664876709	-0.9405738402
-0.08496513664	-0.9433281074
-0.08326057836	-0.9459874731
-0.08155602008	-0.9486468388
-0.0798514618	-0.9513062044
-0.07813193787	-0.9538927899
-0.07636977381	-0.9562720097
-0.07460760975	-0.9586512296
-0.0728454457	-0.9610304495
-0.07108328164	-0.9634096694
-0.06927498045	-0.9655406696
-0.06745955603	-0.9676333464
-0.06564413161	-0.9697260232
-0.06382870718	-0.9718187
-0.06199096585	-0.9737728366
-0.06012833169	-0.9755724422
-0.05826569753	-0.9773720477
-0.05640306337	-0.9791716532
-0.05453730487	-0.9809475267
-0.05263521217	-0.9824474112
-0.05073311947	-0.9839472957
-0.04883102677	-0.9854471801
-0.04692893407	-0.9869470646
-0.04500624565	-0.988236792
-0.04307411438	-0.9894301653
-0.04114198311	-0.9906235386
-0.03920985184	-0.9918169119
-0.03727214676	-0.9929187518
-0.03532093395	-0.9937987667
-0.03336972114	-0.9946787815
-0.03141850834	-0.9955587964
-0.02946729553	-0.9964388113
-0.02751003311	-0.9970311125
-0.0255520878	-0.9975909356
-0.02359414248	-0.9981507586
-0.02163619717	-0.9987105817
-0.01968168582	-0.9991053276
-0.01773054005	-0.9993382836
-0.01577939428	-0.9995712396
-0.01382824851	-0.9998041956
-0.01187947681	-1
-0.009949624883	-0.9998997289
-0.008019772959	-0.9997994578
-0.006089921036	-0.9996991868
-0.004160069112	-0.9995989157
-0.002256419274	-0.9992552006
-0.0003630629224	-0.9988158485
0.001530293429	-0.9983764964
0.00342364978	-0.9979371443
0.005300096911	-0.997386125
0.007141330986	-0.9966025614
0.00898256506	-0.9958189978
0.01082379913	-0.9950354342
0.01266503321	-0.9942518705
0.01444307755	-0.9931439725
0.01621642964	-0.9920119905
0.01798978174	-0.9908800085
0.01976313383	-0.9897480266
0.02149164967	-0.9884271813
0.02318156041	-0.9869437201
0.02487147114	-0.9854602589
0.02656138188	-0.9839767977
0.02823712964	-0.9824425405
0.02982854995	-0.9806058399
0.03141997026	-0.9787691392
0.03301139057	-0.9769324386
0.03460281087	-0.975095738
0.0361096892	-0.9729937948
0.03758842632	-0.9708035611
0.03906716343	-0.9686133274
0.04054590054	-0.9664230938
0.04197978566	-0.9641071893
0.04333278992	-0.9615646646
0.04468579419	-0.95902214
0.04603879845	-0.9564796154
0.04739180272	-0.9539370907
0.04861252645	-0.951057998
0.04982819435	-0.9481660415
0.05104386225	-0.945274085
0.05225953016	-0.9423821285
0.05339130534	-0.9392936601
0.05445970224	-0.9360567332
0.05552809914	-0.9328198063
0.05659649604	-0.9295828794
0.05763753798	-0.9262862668
0.05855060654	-0.9227104298
0.05946367511	-0.9191345928
0.06037674367	-0.9155587558
0.06128981223	-0.9119829187
0.06207658469	-0.908147779
0.06282826746	-0.9042405955
0.06357995022	-0.900333412
0.06433163299	-0.8964262285
0.06501898366	-0.8923936366
0.06560530299	-0.8881640955
0.06619162232	-0.8839345543
0.06677794166	-0.8797050131
0.06736426099	-0.8754754719
0.06778408447	-0.8709352409
0.06820315475	-0.8663936045
0.06862222504	-0.861851968
0.06904129533	-0.8573103316
0.0693597851	-0.8525877011
0.06961176662	-0.8477453895
0.06986374815	-0.8429030779
0.07011572967	-0.8380607663
0.07033332877	-0.8331583722
0.07042034378	-0.8280277852
0.0705073588	-0.8228971983
0.07059437381	-0.8177666114
0.07068138882	-0.8126360245
0.07063719145	-0.8072813436
0.0705631865	-0.8018757552
0.07048918155	-0.7964701668
0.0704151766	-0.7910645784
0.07027569668	-0.7855490064
0.07004629645	-0.7798823879
0.06981689623	-0.7742157694
0.069587496	-0.7685491509
0.06935397223	-0.7628756794
0.06897627877	-0.7569626078
0.06859858531	-0.7510495362
0.06822089184	-0.7451364646
0.06784319838	-0.7392233929
0.0673767688	-0.7331635304
0.0668591723	-0.7270190255
0.0663415758	-0.7208745206
0.06582397929	-0.7147300157
0.0652749757	-0.7085335033
0.06462691355	-0.7021729582
0.0639788514	-0.695812413
0.06333078925	-0.6894518678
0.0626827271	-0.6830913227
0.06193170776	-0.6765590717
0.06116211815	-0.6699958503
0.06039252854	-0.663432629
0.05962293893	-0.6568694076
0.05880336666	-0.6502217223
0.0579235993	-0.6434723155
0.05704383194	-0.6367229087
0.05616406458	-0.6299735019
0.05527843798	-0.6232139986
0.05430120639	-0.6162966442
0.05332397481	-0.6093792898
0.05234674322	-0.6024619354
0.05136951163	-0.595544581
0.05033497041	-0.5885258854
0.04927176304	-0.5814564991
0.04820855567	-0.5743871127
0.04714534829	-0.5673177264
0.04606181418	-0.5602111652
0.04492416102	-0.5530056273
0.04378650786	-0.5458000893
0.04264885471	-0.5385945514
0.04151120155	-0.5313890135
0.04031810374	-0.5240776616
0.03911740968	-0.5167518125
0.03791671562	-0.5094259634
0.03671602156	-0.5021001143
0.03549010812	-0.4947234649
0.03423751859	-0.487293081
0.03298492905	-0.4798626971
0.03173233952	-0.4724323132
0.03047594556	-0.4649937225
0.02918219458	-0.4574745457
0.0278884436	-0.449955369
0.02659469262	-0.4424361923
0.02530094163	-0.4349170155
0.02398554565	-0.4273467824
0.02266082408	-0.419754552
0.0213361025	-0.4121623217
0.02001138093	-0.4045700913
0.01868010795	-0.3969603757
0.01733393105	-0.3893108827
0.01598775415	-0.3816613896
0.01464157725	-0.3740118966
0.01329540036	-0.3663624036
0.01193761623	-0.3586751983
0.01057870949	-0.3509843456
0.009219802755	-0.343293493
0.007860896019	-0.3356026403
0.006499466861	-0.3278986764
0.005135693168	-0.3201825258
0.003771919475	-0.3124663753
0.002408145781	-0.3047502248
0.001044633598	-0.2970329463
-0.0003170436039	-0.289307753
-0.001678720806	-0.2815825598
-0.003040398008	-0.2738573665
-0.00440207521	-0.2661321733
-0.00575775829	-0.2584123675
-0.007111237831	-0.2506945421
-0.008464717372	-0.2429767168
-0.009818196913	-0.2352588915
-0.01116711061	-0.2275491314
-0.01250706819	-0.2198551918
-0.01384702577	-0.2121612522
-0.01518698334	-0.2044673126
-0.01652694092	-0.196773373
-0.01784970333	-0.1891175597
-0.01917144805	-0.181464003
-0.02049319278	-0.1738104462
-0.02181493751	-0.1661568895
-0.0231243244	-0.158534567
-0.02442362422	-0.1509377394
-0.02572292403	-0.1433409119
-0.02702222385	-0.1357440843
-0.02831737756	-0.1281586812
-0.02959027697	-0.1206345995
-0.03086317637	-0.1131105179
-0.03213607578	-0.1055864362
-0.03340897519	-0.09806235447
-0.03465876809	-0.09060566506
-0.03590140394	-0.08316984988
-0.03714403978	-0.07573403471
-0.03838667562	-0.06829821953
-0.03961666596	-0.06090055193
-0.04082512209	-0.05356784638
-0.04203357822	-0.04623514083
-0.04324203435	-0.03890243527
-0.04445049049	-0.03156972972
-0.04562157616	-0.02435137848
-0.04679175987	-0.01713578727
-0.04796194357	-0.009920196061
-0.04913212728	-0.002704604849
-0.05027747671	0.004435131912
-0.05140505535	0.01152058915
-0.052532634	0.01860604639
-0.05366021264	0.02569150364
-0.05477885278	0.03275006259
-0.05585922694	0.03969346924
-0.05693960111	0.0466368759
-0.05801997527	0.05358028255
-0.05910034943	0.0605236892
-0.06013930926	0.06734551485
-0.06116764354	0.07413614683
-0.06219597781	0.08092677882
-0.06322431209	0.0877174108
-0.06422970037	0.09444277496
-0.06520099493	0.1010711626
-0.06617228949	0.1076995503
-0.06714358406	0.114327938
-0.0681143357	0.1209548357
-0.06902353372	0.1274128033
-0.06993273173	0.1338707709
-0.07084192975	0.1403287385
-0.07175112776	0.1467867061
-0.07261906977	0.1531356209
-0.0734612072	0.1594163259
-0.07430334464	0.1656970309
-0.07514548207	0.1719777359
-0.07597171033	0.1782179353
-0.0767420772	0.1843159087
-0.07751244408	0.190413882
-0.07828281095	0.1965118554
-0.07905317783	0.2026098287
-0.07976058125	0.2085531386
-0.08045491717	0.2144643495
-0.08114925309	0.2203755603
-0.08184358901	0.2262867712
-0.08250330424	0.2321157222
-0.08311797749	0.2378376521
-0.08373265075	0.243559582
-0.084347324	0.2492815119
-0.08495861128	0.2549956337
-0.08549080671	0.2605273693
-0.08602300215	0.2660591048
-0.08655519758	0.2715908403
-0.08708739302	0.2771225758
-0.08756498143	0.2825316653
-0.08801284368	0.2878739906
-0.08846070594	0.2932163159
-0.08890856819	0.2985586412
-0.0893348109	0.3038535067
-0.08969754924	0.3090089655
-0.09006028757	0.3141644244
-0.0904230259	0.3193198833
-0.09078576423	0.3244753421
-0.09107553286	0.3294737656
-0.09135346602	0.3344467184
-0.09163139918	0.3394196711
-0.09190933233	0.3443926239
-0.09214832139	0.3492832289
-0.09234284483	0.3540798109
-0.09253736827	0.3588763929
-0.09273189171	0.3636729748
-0.09292047147	0.3684571942
-0.09303397774	0.3730852647
-0.09314748401	0.3777133351
-0.09326099028	0.3823414056
-0.09337449655	0.3869694761
-0.09343511911	0.3914893644
-0.09347083525	0.3959583026
-0.09350655138	0.4004272409
-0.09354226752	0.4048961791
-0.09355682552	0.4093226276
-0.0935186364	0.4136431494
-0.09348044729	0.4179636712
-0.09344225818	0.4222841929
-0.09340406906	0.4266047147
-0.09330374933	0.4308031906
-0.09319596552	0.4349870046
-0.09308818171	0.4391708185
-0.09298039789	0.4433546324
-0.09284012912	0.4474764096
-0.09266727275	0.4515359541
-0.09249441639	0.4555954986
-0.09232156002	0.4596550431
-0.09214230507	0.4637028077
-0.09190889817	0.4676508777
-0.09167549128	0.4715989477
-0.09144208438	0.4755470177
-0.09120867748	0.4794950877
-0.09093524781	0.4833729609
-0.09064563984	0.4872224587
-0.09035603186	0.4910719564
-0.09006642389	0.4949214542
-0.08976021014	0.498743593
-0.08941848066	0.5025072177
-0.08907675118	0.5062708425
-0.08873502169	0.5100344672
-0.08839329221	0.5137980919
-0.08800681234	0.5174936839
-0.08761670716	0.5211837644
-0.08722660198	0.5248738449
-0.0868364968	0.5285639254
-0.08642199849	0.5322205457
-0.08598600029	0.5358476746
-0.08555000209	0.5394748034
-0.08511400388	0.5431019322
-0.08467225802	0.5467221269
-0.08419460514	0.5502990016
-0.08371695226	0.5538758764
-0.08323929938	0.5574527512
-0.0827616465	0.561029626
-0.0822552606	0.564576773
-0.08173901117	0.568113715
-0.08122276175	0.571650657
-0.08070651232	0.575187599
-0.08017775537	0.5787138462
-0.07962586259	0.5822203105
-0.0790739698	0.5857267749
-0.07852207701	0.5892332393
-0.07797018422	0.5927397036
-0.0773870357	0.5962251787
-0.0768024954	0.5997097191
-0.0762179551	0.6031942596
-0.0756334148	0.6066788
-0.07503222151	0.6101552555
-0.0744181458	0.6136254567
-0.0738040701	0.6170956578
-0.07318999439	0.620565859
-0.07257144381	0.6240347214
-0.07193109065	0.6274970611
-0.0712907375	0.6309594009
-0.07065038434	0.6344217407
-0.07001003119	0.6378840805
-0.06935190847	0.6413443864
-0.06868867866	0.6448041079
-0.06802544885	0.6482638293
-0.06736221904	0.6517235507
-0.06669155437	0.6551837358
-0.06600892342	0.6586446673
-0.06532629247	0.6621055987
-0.06464366151	0.6655665301
-0.06396103056	0.6690274615
-0.06326261673	0.6724918067
-0.06256403832	0.6759561876
-0.06186545991	0.6794205685
-0.0611668815	0.6828849493
-0.06046076308	0.6863516881
-0.05974953665	0.6898200242
-0.05903831023	0.6932883603
-0.0583270838	0.6967566964
-0.05761390406	0.7002255597
-0.05689303655	0.7036964981
-0.05617216905	0.7071674366
-0.05545130154	0.710638375
-0.05473043404	0.7141093134
-0.05400386523	0.7175797423
-0.05327595094	0.7210500509
-0.05254803666	0.7245203596
-0.05182012238	0.7279906682
-0.05109014361	0.731458595
-0.05035726099	0.7349231715
-0.04962437836	0.7383877481
-0.04889149574	0.7418523246
-0.04815853722	0.7453166249
-0.04742220322	0.7487686361
-0.04668586922	0.7522206474
-0.04594953522	0.7556726587
-0.04521320122	0.7591246699
-0.04447529057	0.7625635033
-0.04373644778	0.7659945457
-0.04299760499	0.7694255881
-0.0422587622	0.7728566306
-0.04151943043	0.7762804661
-0.04077850611	0.7796808299
-0.04003758178	0.7830811937
-0.03929665746	0.7864815575
-0.03855573314	0.7898819212
-0.03781306561	0.7932474268
-0.03707006944	0.7966063606
-0.03632707328	0.7999652944
-0.03558407711	0.8033242281
-0.03484003807	0.8066594681
-0.03409471324	0.8099654949
-0.0333493884	0.8132715217
-0.03260406356	0.8165775484
-0.03185859316	0.819880055
-0.03111058754	0.8231212535
-0.03036258191	0.826362452
-0.02961457628	0.8296036505
-0.02886657065	0.832844849
-0.02811661117	0.8360352188
-0.02736564857	0.8391994928
-0.02661468597	0.8423637668
-0.02586372336	0.8455280408
-0.02511195717	0.8486685363
-0.02435798736	0.8517438267
-0.02360401756	0.854819117
-0.02285004776	0.8578944073
-0.02209607796	0.8609696977
-0.02133971688	0.8639568789
-0.02058301008	0.8669313216
-0.01982630328	0.8699057644
-0.01906959648	0.8728802071
-0.01831187663	0.8758006688
-0.01755305997	0.8786626856
-0.01679424331	0.8815247024
-0.01603542665	0.8843867192
-0.01527650983	0.8872380231
-0.01451653664	0.8899763492
-0.01375656345	0.8927146753
-0.01299659026	0.8954530014
-0.01223661707	0.8981913275
-0.01147666677	0.9008363267
-0.01071672662	0.903439996
-0.009956786468	0.9060436653
-0.009196846315	0.9086473346
-0.008437302739	0.9112074573
-0.007678686564	0.9136657454
-0.006920070388	0.9161240336
-0.006161454213	0.9185823217
-0.005402838037	0.9210406098
-0.004646523742	0.9233576283
-0.003890448284	0.9256599889
-0.003134372826	0.9279623496
-0.002378297368	0.9302647102
-0.001624017279	0.9324818093
-0.0008714452689	0.9346177924
-0.0001188732583	0.9367537754
0.0006336987523	0.9388897585
0.00138579007	0.9410047189
0.002134319928	0.9429639222
0.002882849785	0.9449231254
0.003631379642	0.9468823287
0.0043799095	0.948841532
0.005125516903	0.9506649451
0.005870017912	0.9524369501
0.006614518921	0.9542089552
0.00735901993	0.9559809603
0.008102390587	0.9576873887
0.008843485323	0.9592617808
0.009584580058	0.9608361729
0.01032567479	0.9624105651
0.01106676953	0.9639849572
0.01180581918	0.9653641637
0.01254473436	0.9667305367
0.01328364954	0.9680969096
0.01402256472	0.9694632826
0.01476123051	0.9707107462
0.0154996879	0.9718588439
0.01623814529	0.9730069416
0.01697660268	0.9741550394
0.01771530406	0.9752686151
0.01845537482	0.9761884381
0.01919544557	0.977108261
0.01993551633	0.978028084
0.02067558709	0.978947907
0.0214185488	0.9796875825
0.02216243502	0.9803696474
0.02290632125	0.9810517122
0.02365020748	0.9817337771
0.02439625754	0.9823260626
0.02514608586	0.9827615853
0.02589591418	0.9831971081
0.0266457425	0.9836326308
0.02739557081	0.9840681535
0.02815293385	0.984256826
0.02891052498	0.9844380255
0.02966811612	0.984619225
0.03042570725	0.9848004245
0.0311885377	0.9848310562
0.03195520788	0.9847513416
0.03272187805	0.984671627
0.03348854823	0.9845919124
0.03425700132	0.9844633647
0.03503338555	0.9841175875
0.03580976978	0.9837718102
0.036586154	0.983426033
0.03736253823	0.9830802557
0.03814643656	0.9825214511
0.03893233229	0.9819060195
0.03971822802	0.981290588
0.04050412375	0.9806751565
0.04129334451	0.9799520603
0.04208762696	0.9790650668
0.04288190941	0.9781780733
0.04367619186	0.9772910797
0.04447049262	0.9764032909
0.04527103515	0.9752445066
0.04607157767	0.9740857222
0.0468721202	0.9729269379
0.04767266273	0.9717681536
0.04847513493	0.9704430342
0.04927884403	0.9690112956
0.05008255314	0.967579557
0.05088626225	0.9661478185
0.05168975258	0.9646575729
0.05249244814	0.9629547802
0.0532951437	0.9612519875
0.05409783926	0.9595491949
0.05490053481	0.9578464022
0.05569841465	0.9559275936
0.05649525388	0.9539621076
0.05729209311	0.9519966217
0.05808893235	0.9500311357
0.05888095456	0.9479554486
0.05966655939	0.9457329483
0.06045216422	0.943510448
0.06123776905	0.9412879477
0.06202277736	0.9390566274
0.06279145316	0.9365838169
0.06356012896	0.9341110063
0.06432880476	0.9316381957
0.06509748056	0.9291653852
0.06585156791	0.926536779
0.06659750959	0.923821182
0.06734345126	0.921105585
0.06808939294	0.9183899879
0.06882829191	0.9156161771
0.06954585391	0.9126659983
0.07026341591	0.9097158196
0.07098097791	0.9067656409
0.07169853991	0.9038154622
0.07238734233	0.9006722654
0.07307125254	0.8974962348
0.07375516274	0.8943202042
0.07443907294	0.8911441736
0.07510530875	0.8878682335
0.07575088673	0.8844755192
0.0763964647	0.8810828049
0.07704204267	0.8776900906
0.07768476656	0.8742833815
0.07828809084	0.8706834789
0.07889141511	0.8670835764
0.07949473939	0.8634836738
0.08009806367	0.8598837713
0.08067086244	0.8561507954
0.0812288972	0.8523534572
0.08178693196	0.8485561189
0.08234496673	0.8447587807
0.08288972119	0.840908844
0.08340040584	0.8369239691
0.08391109049	0.8329390941
0.08442177514	0.8289542192
0.08493245979	0.8249693442
0.08540021407	0.8208269625
0.08586249552	0.8166645016
0.08632477697	0.8125020406
0.08678705842	0.8083395797
0.08722544032	0.8040943674
0.08763928272	0.799764188
0.08805312513	0.7954340086
0.08846696754	0.7911038291
0.08887606625	0.786757867
0.08924240349	0.782269633
0.08960874073	0.777781399
0.08997507797	0.773293165
0.09034141521	0.7688049311
0.09067550158	0.7642116338
0.09099617829	0.7595746521
0.091316855	0.7549376703
0.09163753172	0.7503006885
0.0919447548	0.7456199447
0.09222241848	0.7408430499
0.09250008216	0.7360661552
0.09277774584	0.7312892604
0.09305540953	0.7265123656
0.09329659961	0.721614437
0.0935345854	0.7167058753
0.09377257119	0.7117973136
0.09401055698	0.7068887519
0.09422971986	0.7019149761
0.09443190053	0.6968823635
0.0946340812	0.691849751
0.09483626187	0.6868171384
0.09503427259	0.681769053
0.09520490251	0.6766193691
0.09537553242	0.6714696852
0.09554616233	0.6663200014
0.09571679224	0.6611703175
0.09586741502	0.6559389041
0.09601095806	0.6506785699
0.0961545011	0.6454182358
0.09629804414	0.6401579016
0.09643379413	0.6348614475
0.09655475456	0.6294964453
0.09667571498	0.6241314432
0.0967966754	0.6187664411
0.09691763582	0.6134014389
0.09702127943	0.6079422875
0.09712404136	0.6024783425
0.09722680329	0.5970143975
0.09732956523	0.5915504525
0.09742447292	0.586034466
0.09751315952	0.5804772591
0.09760184613	0.5749200522
0.09769053273	0.5693628453
0.09777752151	0.5637912617
0.09785588553	0.5581466466
0.09793424955	0.5525020314
0.09801261356	0.5468574162
0.09809097758	0.5412128011
0.09816392603	0.5355056131
0.0982352654	0.5297798335
0.09830660477	0.5240540539
0.09837794414	0.5183282742
0.09844768455	0.5125744333
0.09851478715	0.5067742993
0.09858188975	0.5009741654
0.09864899234	0.4951740314
0.09871609494	0.4893738975
0.09878123411	0.4835080115
0.09884634107	0.4776410471
0.09891144803	0.4717740827
0.09897655499	0.4659071182
0.09904147267	0.4600056187
0.099106259	0.4540801522
0.09917104532	0.4481546858
0.09923583164	0.4422292194
0.0993007718	0.4362940468
0.09936633991	0.4303192576
0.09943190802	0.4243444683
0.09949747612	0.418369679
0.09956304423	0.4123948897
0.09962966466	0.4063885459
0.09969654285	0.4003744731
0.09976342104	0.3943604002
0.09983029923	0.3883463274
0.0998977001	0.3823206044
0.09996585401	0.3762780967
0.1000340079	0.370235589
0.1001021618	0.3641930813
0.1001703268	0.3581503012
0.100239167	0.3520909523
0.1003080072	0.3460316034
0.1003768474	0.3399722545
0.1004456876	0.3339129057
0.1005142637	0.327850667
0.1005826796	0.3217866768
0.1006510956	0.3157226867
0.1007195116	0.3096586965
0.1007874635	0.3035965468
0.100853854	0.2975405901
0.1009202444	0.2914846334
0.1009866348	0.2854286767
0.1010530253	0.27937272
0.10111604	0.2733342836
0.1011783903	0.2672992952
0.1012407406	0.2612643069
0.101303091	0.2552293185
0.101362614	0.2492093488
0.101418568	0.2432083379
0.1014745221	0.237207327
0.1015304761	0.231206316
0.1015859951	0.2252075737
0.1016329781	0.219253355
0.1016799611	0.2132991363
0.1017269441	0.2073449177
0.101773927	0.201390699
0.1018132747	0.1954752495
0.1018485997	0.1895802253
0.1018839247	0.1836852011
0.1019192498	0.177790177
0.1019508351	0.1719136842
0.1019718541	0.1660895512
0.1019928732	0.1602654182
0.1020138922	0.1544412852
0.1020349112	0.1486171521
0.1020413679	0.142863876
0.1020456076	0.1371213878
0.1020498472	0.1313788995
0.1020540868	0.1256364112
0.1020493531	0.1199371804
0.1020346749	0.114285889
0.1020199966	0.1086345976
0.1020053184	0.1029833062
0.1019889779	0.09734004108
0.1019537255	0.09178809329
0.1019184732	0.08623614549
0.1018832208	0.08068419769
0.1018479685	0.0751322499
0.1017978581	0.06965309815
0.1017409864	0.0642070733
0.1016841147	0.05876104845
0.1016272429	0.0533150236
0.1015637972	0.04790223531
0.1014845432	0.04256936896
0.1014052892	0.03723650261
0.1013260352	0.03190363626
0.1012467813	0.02657076991
0.1011481316	0.02134098336
0.1010473311	0.01612262735
0.1009465306	0.01090427135
0.1008457301	0.005685915352
0.1007346572	0.0005261004347
0.1006135811	-0.004576708062
0.1004925051	-0.009679516558
0.100371429	-0.01478232505
0.1002482575	-0.01987207241
0.1001086546	-0.02485940066
0.09996905162	-0.0298467289
0.09982944865	-0.03483405715
0.09968984568	-0.0398213854
0.09953842687	-0.04472664831
0.09938240307	-0.04959992799
0.09922637927	-0.05447320766
0.09907035547	-0.05934648734
0.09890968419	-0.06418342198
0.09873940548	-0.06894522299
0.09856912677	-0.07370702401
0.09839884807	-0.07846882503
0.09822856936	-0.08323062604
0.09804678162	-0.08789175881
0.09786416065	-0.09254560333
0.09768153968	-0.09719944784
0.0974989187	-0.1018532923
0.09731037571	-0.1064512432
0.0971167667	-0.1110013796
0.09692315768	-0.1155515159
0.09672954866	-0.1201016522
0.09653441383	-0.1246374046
0.09633031184	-0.1290886228
0.09612620985	-0.133539841
0.09592210785	-0.1379910593
0.09571800586	-0.1424422775
0.09550559634	-0.1468229847
0.09529044526	-0.1511804227
0.09507529417	-0.1555378607
0.09486014309	-0.1598952987
0.09464039089	-0.1642210374
0.09441239959	-0.1684900132
0.0941844083	-0.1727589889
0.09395641701	-0.1770279647
0.09372842571	-0.1812969405
0.09348510163	-0.1854857009
0.09324121813	-0.1896715346
0.09299733462	-0.1938573683
0.09275345112	-0.198043202
0.09249801029	-0.2021844792
0.09223389554	-0.2062923161
0.09196978078	-0.210400153
0.09170566603	-0.2145079899
0.0914369793	-0.2186028156
0.09114713922	-0.2226374421
0.09085729915	-0.2266720687
0.09056745907	-0.2307066952
0.090277619	-0.2347413217
0.08996248609	-0.2387218603
0.08964039236	-0.2426875134
0.08931829863	-0.2466531665
0.0889962049	-0.2506188196
0.08865865082	-0.254558894
0.08799503705	-0.2575752327
0.08720502243	-0.260180394
0.08641854147	-0.262747449
0.08563559417	-0.2652763978
0.08480993539	-0.2677059385
0.08398813932	-0.2700978091
0.08317034069	-0.2724521882
0.08235653952	-0.2747690759
0.08151458536	-0.2770129423
0.08065594787	-0.2791964628
0.07980185137	-0.2813430924
0.07895229586	-0.2834528313
0.0780947182	-0.2855136012
0.07719480656	-0.287492415
0.07630005898	-0.2894349371
0.07541047547	-0.2913411674
0.07452605602	-0.2932111059
0.07359342203	-0.2949981255
0.07265459046	-0.2967389287
0.07172162216	-0.2984440509
0.07079451712	-0.3001134921
0.06984352378	-0.3017226173
0.06885835043	-0.3032629048
0.0678798091	-0.3047681479
0.0669078998	-0.3062383465
0.06594044079	-0.3076717207
0.06490806136	-0.3090116746
0.06388314258	-0.3103172601
0.06286568444	-0.3115884771
0.06185568694	-0.3128253257
0.0608047058	-0.3139875199
0.05973416134	-0.3150928726
0.05867195322	-0.3161645851
0.05761808141	-0.3172026574
0.05655385499	-0.31819079
0.05544009351	-0.3190948156
0.05433557571	-0.3199659922
0.05324030161	-0.3208043199
0.05215427119	-0.3216097986
0.05101295871	-0.3223220282
0.04987024794	-0.3229914472
0.04873770232	-0.3236288797
0.04761532183	-0.3242343259
0.04646951804	-0.3247733752
0.04529435728	-0.3252399486
0.04413027815	-0.3256754746
0.04297728064	-0.3260799531
0.04183104344	-0.3264484569
0.04063067811	-0.326711562
0.03944228619	-0.3269446364
0.03826586766	-0.32714768
0.03710142255	-0.327320693
0.03590591348	-0.3274081798
0.03470171331	-0.3274389896
0.03351033403	-0.3274408616
0.03233177563	-0.3274137956
0.031150089	-0.3273341404
0.02993960245	-0.3271638267
0.02874272152	-0.3269657389
0.02755944621	-0.3267398769
0.02638977651	-0.3264862406
0.02518928367	-0.3261275177
0.02399706518	-0.3257317435
0.02281915753	-0.3253094223
0.02165556072	-0.324860554
0.02048554993	-0.3243417082
0.01930852398	-0.3237516251
0.01814642046	-0.3231362766
0.01699923937	-0.3224956627
0.01586376495	-0.3218213625
0.01471250978	-0.3210413972
0.01357668365	-0.3202374931
0.01245628656	-0.3194096502
0.01135131851	-0.3185578686
0.01024384922	-0.3176201142
0.009144477709	-0.316633057
0.00806092903	-0.3156234234
0.006993203183	-0.3145912134
0.005935956753	-0.3135095409
0.004882649788	-0.3123454992
0.003845441963	-0.3111602714
0.002824333277	-0.3099538576
0.001819323731	-0.3087262577
0.0008216924466	-0.3073994561
-0.0001605152873	-0.3060454246
-0.001126466073	-0.3046716188
-0.002076159911	-0.3032780387
-0.003010851068	-0.3018212306
-0.003930412246	-0.3003056048
-0.004833675234	-0.2987716333
-0.005720640034	-0.2972193163
-0.006590803851	-0.2956383531
-0.00744123254	-0.2939686323
-0.008275433471	-0.2922820089
-0.009093406646	-0.2905784828
-0.009895152064	-0.2888580541
-0.01067374258	-0.2870631085
-0.01143373131	-0.2852315152
-0.01217766733	-0.2833844751
-0.01290555065	-0.2815219883
-0.01361260474	-0.2796181486
-0.01429448526	-0.2776493936
-0.01496058381	-0.2756666603
-0.0156109004	-0.2736699488
-0.01624543503	-0.271659259
-0.01684750663	-0.2695652526
-0.01743318579	-0.2674547303
-0.01800343932	-0.2653317108
-0.01855826721	-0.2631961943
-0.01908636344	-0.2610090095
-0.01959019998	-0.258778721
-0.02007904193	-0.2565374288
-0.0205528893	-0.2542851329
-0.02100817188	-0.2520109694
-0.02142981431	-0.2496690654
-0.02183695671	-0.2473176626
-0.02222959908	-0.2449567609
-0.02260774142	-0.2425863604
-0.0229533913	-0.240156652
-0.02327950045	-0.2377034904
-0.02359165645	-0.2352423439
-0.0238898593	-0.2327732126
-0.02416508122	-0.2302727784
-0.02441148876	-0.2277259743
-0.02464453572	-0.2251727157
-0.02486422209	-0.2226130029
-0.02507054787	-0.2200468357
-0.02523979647	-0.2174160121
-0.02539577504	-0.2147789564
-0.02553902287	-0.212136992
-0.02566953996	-0.209490119
-0.02577368302	-0.2068060394
-0.02585590375	-0.2040952919
-0.02592603325	-0.2013811496
-0.02598407149	-0.1986636125
-0.02602573851	-0.1959327966
-0.02603756928	-0.1931576062
-0.02603795841	-0.1903805212
-0.02602690592	-0.1876015416
-0.0260044118	-0.1848206675
-0.02595386565	-0.1820001703
-0.02588824339	-0.1791695232
-0.02581183044	-0.1763384601
-0.02572462679	-0.1735069809
-0.02561882194	-0.1706575357
-0.02549115133	-0.1677827892
-0.02535333463	-0.164909075
-0.02520537184	-0.1620363932
-0.02504707977	-0.1591643348
-0.02486145468	-0.1562549458
-0.02466631525	-0.1533479992
-0.02446166149	-0.1504434951
-0.0242474934	-0.1475414336
-0.02401415303	-0.1446203544
-0.02376579497	-0.1416894891
-0.02350853659	-0.1387624307
-0.02324237792	-0.1358391792
-0.02296420717	-0.1329128494
-0.02266667398	-0.1299671777
-0.02236083354	-0.1270266251
-0.02204668583	-0.1240911915
-0.02172423087	-0.121160877
-0.02138352485	-0.1182138154
-0.02103299325	-0.1152685341
-0.02067472507	-0.1123296268
-0.02030872031	-0.1093970935
-0.01993043099	-0.106461037
-0.01953892086	-0.10351942
-0.01914022289	-0.1005853711
-0.0187343371	-0.09765889039
-0.01832087985	-0.09473915708
-0.01789190283	-0.09180916588
-0.01745626688	-0.0888878744
-0.01701397199	-0.08597528264
-0.01656501817	-0.08307139061
-0.01610457966	-0.0801661372
-0.01563529651	-0.0772650266
-0.01515986714	-0.07437368465
-0.01467829153	-0.07149211134
-0.01418896838	-0.06861708718
-0.01368914979	-0.06574308745
-0.01318368619	-0.06287986407
-0.01267257758	-0.06002741704
-0.01215582396	-0.05718574637
-0.0116291548	-0.05434666663
-0.01109661847	-0.05151793742
-0.01055893252	-0.04870093409
-0.01001609694	-0.04589565665
-0.009466254834	-0.04309874858
-0.008909520376	-0.04031041628
-0.008348131723	-0.03753470539
-0.007782088873	-0.03477161589
-0.00721116631	-0.03202076679
-0.006633076648	-0.02927829358
-0.006050834101	-0.02654928873
-0.00546443867	-0.02383375224
-0.004873890355	-0.0211316841
-0.004277967436	-0.01844116525
-0.003677751151	-0.01576389408
-0.003073894226	-0.01310089591
-0.00246639666	-0.01045217074
-0.001855030779	-0.007817386255
-0.001239800613	-0.005196548348
-0.0006214570205	-0.002590752929
-2.831755084e-17	-1.174144173e-16
