0	-0.1286	0.1018
0.04885	-0.1206	0.101
0.0977	-0.1109	0.1
0.1466	-0.0998	0.09888
0.1954	-0.08765	0.09755
0.2443	-0.07477	0.09605
0.2931	-0.06143	0.09437
0.342	-0.04787	0.09251
0.3908	-0.03432	0.09045
0.4397	-0.02097	0.08821
0.4885	-0.007978	0.08578
0.5374	0.004512	0.08316
0.5862	0.01639	0.08037
0.6351	0.02756	0.07741
0.6839	0.03795	0.07432
0.7328	0.04752	0.07111
0.7816	0.05623	0.06782
0.8305	0.06407	0.06448
0.8793	0.07102	0.06114
0.9282	0.0771	0.05782
0.977	0.08233	0.05457
1.026	0.08673	0.05143
1.075	0.09033	0.04843
1.124	0.09316	0.04561
1.172	0.09526	0.04299
1.221	0.09667	0.0406
1.27	0.09744	0.03848
1.319	0.09761	0.03664
1.368	0.09723	0.0351
1.417	0.09635	0.03388
1.466	0.09503	0.03299
1.514	0.09331	0.03244
1.563	0.09126	0.03224
1.612	0.08892	0.03238
1.661	0.08637	0.03287
1.71	0.08365	0.03369
1.759	0.08083	0.03483
1.808	0.07796	0.03626
1.856	0.0751	0.03796
1.905	0.0723	0.03989
1.954	0.06961	0.04201
2.003	0.06707	0.04429
2.052	0.06471	0.04668
2.101	0.06256	0.04915
2.149	0.06065	0.05164
2.198	0.05899	0.05411
2.247	0.05759	0.05654
2.296	0.05645	0.05888
2.345	0.05557	0.06112
2.394	0.05496	0.06322
2.443	0.0546	0.06517
2.491	0.0545	0.06696
2.54	0.05465	0.06858
2.589	0.05505	0.07002
2.638	0.0557	0.07128
2.687	0.05658	0.07235
2.736	0.05769	0.07322
2.785	0.05903	0.0739
2.833	0.06058	0.07438
2.882	0.06234	0.07465
2.931	0.06429	0.07469
2.98	0.06641	0.0745
3.029	0.06869	0.07407
3.078	0.07111	0.07337
3.127	0.07365	0.07241
3.175	0.07629	0.07116
3.224	0.07902	0.06961
3.273	0.08181	0.06776
3.322	0.08465	0.0656
3.371	0.08754	0.06312
3.42	0.09046	0.06034
3.468	0.0934	0.05726
3.517	0.09638	0.05388
3.566	0.0994	0.05023
3.615	0.1025	0.04632
3.664	0.1056	0.04218
3.713	0.1087	0.03782
3.762	0.112	0.03328
3.81	0.1153	0.02858
3.859	0.1187	0.02374
3.908	0.1222	0.01878
3.957	0.1258	0.01373
4.006	0.1295	0.008595
4.055	0.1332	0.003395
4.104	0.137	-0.001857
4.152	0.1408	-0.00715
4.201	0.1447	-0.01247
4.25	0.1485	-0.01781
4.299	0.1523	-0.02316
4.348	0.1559	-0.0285
4.397	0.1595	-0.03382
4.446	0.1629	-0.0391
4.494	0.1662	-0.04432
4.543	0.1693	-0.04945
4.592	0.1721	-0.05448
4.641	0.1747	-0.05939
4.69	0.1771	-0.06414
4.739	0.1792	-0.06872
4.787	0.181	-0.0731
4.836	0.1825	-0.07726
4.885	0.1838	-0.08118
4.934	0.1848	-0.08484
4.983	0.1855	-0.08823
5.032	0.1859	-0.09133
5.081	0.186	-0.09412
5.129	0.1858	-0.0966
5.178	0.1854	-0.09876
5.227	0.1847	-0.1006
5.276	0.1837	-0.1021
5.325	0.1825	-0.1033
5.374	0.1811	-0.1042
5.423	0.1795	-0.1049
5.471	0.1778	-0.1052
5.52	0.1758	-0.1053
5.569	0.1738	-0.1052
5.618	0.1717	-0.1049
5.667	0.1694	-0.1044
5.716	0.1672	-0.1038
5.765	0.1648	-0.1031
5.813	0.1625	-0.1023
5.862	0.1601	-0.1015
5.911	0.1578	-0.1005
5.96	0.1554	-0.09949
6.009	0.153	-0.0984
6.058	0.1506	-0.09724
6.106	0.1482	-0.09599
6.155	0.1457	-0.09464
6.204	0.1433	-0.09317
6.253	0.1408	-0.09157
6.302	0.1383	-0.08981
6.351	0.1358	-0.0879
6.4	0.1333	-0.0858
6.448	0.1308	-0.08352
6.497	0.1284	-0.08105
6.546	0.1259	-0.07839
6.595	0.1236	-0.07556
6.644	0.1213	-0.07254
6.693	0.1191	-0.06936
6.742	0.1171	-0.06602
6.79	0.1153	-0.06253
6.839	0.1136	-0.05891
6.888	0.112	-0.05517
6.937	0.1107	-0.05132
6.986	0.1096	-0.04739
7.035	0.1087	-0.04338
7.084	0.1079	-0.03933
7.132	0.1074	-0.03523
7.181	0.107	-0.03114
7.23	0.1067	-0.02705
7.279	0.1066	-0.02301
7.328	0.1065	-0.01903
7.377	0.1065	-0.01515
7.426	0.1064	-0.01139
7.474	0.1064	-0.007783
7.523	0.1063	-0.004358
7.572	0.1061	-0.001137
7.621	0.1058	0.001859
7.67	0.1053	0.004613
7.719	0.1047	0.007112
7.767	0.104	0.009353
7.816	0.1031	0.01133
7.865	0.102	0.01306
7.914	0.1007	0.01455
7.963	0.09928	0.01581
8.012	0.09768	0.01686
8.061	0.09592	0.01773
8.109	0.09399	0.01845
8.158	0.09191	0.01904
8.207	0.08965	0.01951
8.256	0.08722	0.01991
8.305	0.08462	0.02023
8.354	0.08183	0.02051
8.403	0.07883	0.02076
8.451	0.07562	0.02098
8.5	0.07218	0.02119
8.549	0.0685	0.02139
8.598	0.06456	0.0216
8.647	0.06035	0.02181
8.696	0.05588	0.02204
8.745	0.05114	0.0223
8.793	0.04613	0.02261
8.842	0.04085	0.02297
8.891	0.03531	0.02341
8.94	0.02952	0.02394
8.989	0.02351	0.0246
9.038	0.01728	0.0254
9.086	0.01085	0.02638
9.135	0.004256	0.02757
9.184	-0.002488	0.029
9.233	-0.009357	0.03068
9.282	-0.01633	0.03266
9.331	-0.02337	0.03494
9.38	-0.03048	0.03754
9.428	-0.03762	0.04047
9.477	-0.04479	0.04372
9.526	-0.05197	0.04728
9.575	-0.05916	0.05114
9.624	-0.06636	0.05527
9.673	-0.07356	0.05962
9.722	-0.08077	0.06416
9.77	-0.08799	0.06884
9.819	-0.09523	0.0736
9.868	-0.1025	0.07839
9.917	-0.1098	0.08314
9.966	-0.1171	0.08781
10.01	-0.1244	0.09233
10.06	-0.1318	0.09667
10.11	-0.1391	0.1008
10.16	-0.1465	0.1046
10.21	-0.1539	0.1081
10.26	-0.1612	0.1112
10.31	-0.1684	0.114
10.36	-0.1756	0.1164
10.41	-0.1827	0.1184
10.45	-0.1896	0.12
10.5	-0.1965	0.1211
10.55	-0.2031	0.1218
10.6	-0.2095	0.122
10.65	-0.2158	0.1218
10.7	-0.2217	0.1212
10.75	-0.2274	0.1201
10.8	-0.2328	0.1186
10.85	-0.2379	0.1166
10.89	-0.2426	0.1143
10.94	-0.247	0.1115
10.99	-0.2509	0.1084
11.04	-0.2544	0.1049
11.09	-0.2574	0.1011
11.14	-0.2599	0.09697
11.19	-0.2619	0.09254
11.24	-0.2634	0.08784
11.28	-0.2642	0.08288
11.33	-0.2645	0.07769
11.38	-0.2641	0.07229
11.43	-0.2631	0.0667
11.48	-0.2616	0.06095
11.53	-0.2594	0.05504
11.58	-0.2567	0.04902
11.63	-0.2534	0.04288
11.68	-0.2497	0.03666
11.72	-0.2455	0.03037
11.77	-0.2408	0.02404
11.82	-0.2358	0.01767
11.87	-0.2304	0.01131
11.92	-0.2248	0.004958
11.97	-0.2188	-0.001346
12.02	-0.2127	-0.007577
12.07	-0.2064	-0.0137
12.12	-0.2	-0.01969
12.16	-0.1934	-0.02551
12.21	-0.1868	-0.03113
12.26	-0.18	-0.0365
12.31	-0.1733	-0.04159
12.36	-0.1665	-0.04637
12.41	-0.1596	-0.0508
12.46	-0.1527	-0.05486
12.51	-0.1459	-0.05851
12.55	-0.139	-0.06175
12.6	-0.1321	-0.06454
12.65	-0.1252	-0.06688
12.7	-0.1182	-0.06877
12.75	-0.1113	-0.07021
12.8	-0.1044	-0.07122
12.85	-0.09744	-0.0718
12.9	-0.09052	-0.072
12.95	-0.0836	-0.07186
12.99	-0.07671	-0.07141
13.04	-0.06984	-0.07071
13.09	-0.06302	-0.0698
13.14	-0.05624	-0.06875
13.19	-0.04953	-0.0676
13.24	-0.04289	-0.06642
13.29	-0.03632	-0.06525
13.34	-0.02983	-0.06415
13.39	-0.02341	-0.06316
13.43	-0.01707	-0.06233
13.48	-0.01081	-0.06168
13.53	-0.004629	-0.06124
13.58	0.001477	-0.06103
13.63	0.007503	-0.06107
13.68	0.01344	-0.06137
13.73	0.01929	-0.06192
13.78	0.02504	-0.06271
13.83	0.03066	-0.06375
13.87	0.03616	-0.06501
13.92	0.04149	-0.06649
13.97	0.04665	-0.06817
14.02	0.05161	-0.07002
14.07	0.05634	-0.07203
14.12	0.06083	-0.07418
14.17	0.06506	-0.07645
14.22	0.06899	-0.07883
14.26	0.07263	-0.08128
14.31	0.07594	-0.0838
14.36	0.07891	-0.08636
14.41	0.08153	-0.08894
14.46	0.0838	-0.09151
14.51	0.0857	-0.09406
14.56	0.08723	-0.09657
14.61	0.08838	-0.099
14.66	0.08915	-0.1013
14.7	0.08953	-0.1036
14.75	0.08952	-0.1057
14.8	0.08911	-0.1076
14.85	0.08831	-0.1093
14.9	0.0871	-0.1109
14.95	0.08548	-0.1122
15	0.08345	-0.1133
15.05	0.081	-0.1142
15.1	0.07814	-0.1147
15.14	0.07487	-0.115
15.19	0.0712	-0.115
15.24	0.06713	-0.1147
15.29	0.0627	-0.1142
15.34	0.05791	-0.1133
15.39	0.05279	-0.1121
15.44	0.04737	-0.1107
15.49	0.0417	-0.1091
15.53	0.0358	-0.1072
15.58	0.02973	-0.105
15.63	0.02352	-0.1027
15.68	0.01723	-0.1002
15.73	0.0109	-0.0975
15.78	0.004586	-0.09466
15.83	-0.001672	-0.09167
15.88	-0.007825	-0.08853
15.93	-0.01383	-0.08525
15.97	-0.01965	-0.08183
16.02	-0.02525	-0.07827
16.07	-0.03061	-0.07457
16.12	-0.0357	-0.07075
16.17	-0.0405	-0.0668
16.22	-0.04501	-0.06274
16.27	-0.04922	-0.05858
16.32	-0.05311	-0.05435
16.37	-0.0567	-0.05006
16.41	-0.05996	-0.04576
16.46	-0.0629	-0.04146
16.51	-0.0655	-0.0372
16.56	-0.06776	-0.033
16.61	-0.06965	-0.02891
16.66	-0.07116	-0.02495
16.71	-0.07226	-0.02113
16.76	-0.07292	-0.01749
16.81	-0.07312	-0.01404
16.85	-0.07283	-0.01077
16.9	-0.07202	-0.007714
16.95	-0.07067	-0.004851
17	-0.06877	-0.002183
17.05	-0.06628	0.0002977
17.1	-0.06321	0.002602
17.15	-0.05958	0.004745
17.2	-0.05539	0.00674
17.24	-0.05067	0.0086
17.29	-0.04545	0.01034
17.34	-0.03979	0.01197
17.39	-0.03372	0.01351
17.44	-0.02729	0.01498
17.49	-0.02057	0.01638
17.54	-0.01362	0.01774
17.59	-0.006485	0.01907
17.64	0.0007644	0.02039
17.68	0.008075	0.02173
17.73	0.01539	0.02309
17.78	0.02267	0.0245
17.83	0.02987	0.02597
17.88	0.03694	0.02751
17.93	0.04385	0.02913
17.98	0.05058	0.03082
18.03	0.05711	0.03259
18.08	0.06341	0.03441
18.12	0.06948	0.03629
18.17	0.07531	0.03819
18.22	0.08088	0.0401
18.27	0.0862	0.04199
18.32	0.09126	0.04384
18.37	0.09605	0.04562
18.42	0.1006	0.04732
18.47	0.1048	0.04892
18.51	0.1087	0.0504
18.56	0.1124	0.05176
18.61	0.1157	0.05299
18.66	0.1186	0.05409
18.71	0.1213	0.05506
18.76	0.1235	0.05591
18.81	0.1254	0.05663
18.86	0.1269	0.05725
18.91	0.128	0.05777
18.95	0.1287	0.05819
19	0.129	0.05854
19.05	0.1288	0.05881
19.1	0.1282	0.05903
19.15	0.1271	0.05919
19.2	0.1256	0.0593
19.25	0.1237	0.05936
19.3	0.1213	0.05938
19.35	0.1186	0.05936
19.39	0.1154	0.05928
19.44	0.1119	0.05913
19.49	0.108	0.05891
19.54	0.1038	0.05861
19.59	0.0993	0.05821
19.64	0.09459	0.05769
19.69	0.08967	0.05706
19.74	0.08458	0.05629
19.79	0.07936	0.05539
19.83	0.07405	0.05433
19.88	0.06868	0.05313
19.93	0.06328	0.05177
19.98	0.05788	0.05026
20.03	0.05251	0.04859
20.08	0.04718	0.04678
20.13	0.04192	0.04483
20.18	0.03673	0.04274
20.22	0.03162	0.04053
20.27	0.0266	0.03821
20.32	0.02167	0.0358
20.37	0.01682	0.03329
20.42	0.01206	0.03071
20.47	0.007364	0.02807
20.52	0.002741	0.02536
20.57	-0.001821	0.02261
20.62	-0.006326	0.0198
20.66	-0.01078	0.01695
20.71	-0.01518	0.01405
20.76	-0.01953	0.0111
20.81	-0.02381	0.008095
20.86	-0.02803	0.005028
20.91	-0.03217	0.001896
20.96	-0.0362	-0.001305
21.01	-0.04012	-0.004577
21.06	-0.0439	-0.007923
21.1	-0.04752	-0.01134
21.15	-0.05095	-0.01482
21.2	-0.05418	-0.01837
21.25	-0.05719	-0.02195
21.3	-0.05995	-0.02557
21.35	-0.06246	-0.02919
21.4	-0.06469	-0.03279
21.45	-0.06664	-0.03635
21.49	-0.06832	-0.03981
21.54	-0.06972	-0.04316
21.59	-0.07084	-0.04635
21.64	-0.0717	-0.04935
21.69	-0.0723	-0.05211
21.74	-0.07266	-0.05459
21.79	-0.07279	-0.05676
21.84	-0.07271	-0.05857
21.89	-0.07243	-0.06
21.93	-0.07198	-0.06101
21.98	-0.07137	-0.06156
22.03	-0.07062	-0.06163
22.08	-0.06976	-0.06119
22.13	-0.06879	-0.06021
22.18	-0.06774	-0.05869
22.23	-0.06662	-0.05661
22.28	-0.06545	-0.05398
22.33	-0.06425	-0.0508
22.37	-0.06301	-0.04708
22.42	-0.06174	-0.04285
22.47	-0.06046	-0.03813
22.52	-0.05915	-0.03296
22.57	-0.0578	-0.02739
22.62	-0.05643	-0.02144
22.67	-0.055	-0.01517
22.72	-0.05351	-0.008622
22.77	-0.05195	-0.001846
22.81	-0.05031	0.005112
22.86	-0.04858	0.0122
22.91	-0.04676	0.01938
22.96	-0.04485	0.02659
23.01	-0.04285	0.03378
23.06	-0.0408	0.04091
23.11	-0.0387	0.04793
23.16	-0.03658	0.05478
23.2	-0.03447	0.06142
23.25	-0.03242	0.0678
23.3	-0.03044	0.07388
23.35	-0.02858	0.07962
23.4	-0.02687	0.08497
23.45	-0.02532	0.08988
23.5	-0.02397	0.09434
23.55	-0.0228	0.09833
23.6	-0.02184	0.1018
23.64	-0.02106	0.1048
23.69	-0.02047	0.1072
23.74	-0.02005	0.1091
23.79	-0.01979	0.1105
23.84	-0.01967	0.1114
23.89	-0.01967	0.1118
23.94	-0.0198	0.1116
23.99	-0.02004	0.111
24.04	-0.0204	0.11
24.08	-0.02088	0.1085
24.13	-0.02148	0.1066
24.18	-0.02221	0.1043
24.23	-0.02307	0.1017
24.28	-0.02408	0.09876
24.33	-0.02524	0.09553
24.38	-0.02655	0.09202
24.43	-0.02801	0.08828
24.47	-0.02961	0.08432
24.52	-0.03134	0.08016
24.57	-0.03319	0.07583
24.62	-0.03515	0.07134
24.67	-0.03719	0.06671
24.72	-0.03929	0.06196
24.77	-0.04142	0.05711
24.82	-0.04356	0.05216
24.87	-0.04567	0.04712
24.91	-0.04773	0.04201
24.96	-0.04971	0.03684
25.01	-0.05159	0.03162
25.06	-0.05333	0.02636
25.11	-0.05492	0.02108
25.16	-0.05633	0.01579
25.21	-0.05754	0.01051
25.26	-0.05853	0.005247
25.31	-0.05927	3.202e-05
25.35	-0.05976	-0.005121
25.4	-0.05996	-0.01019
25.45	-0.05986	-0.01516
25.5	-0.05945	-0.02002
25.55	-0.05872	-0.02474
25.6	-0.05765	-0.02932
25.65	-0.05625	-0.03375
25.7	-0.05452	-0.03804
25.74	-0.05248	-0.04218
25.79	-0.05012	-0.04619
25.84	-0.04748	-0.05008
25.89	-0.04456	-0.05385
25.94	-0.04138	-0.05753
25.99	-0.03797	-0.06112
26.04	-0.03434	-0.06464
26.09	-0.0305	-0.06808
26.14	-0.02647	-0.07146
26.18	-0.02227	-0.07477
26.23	-0.01789	-0.07799
26.28	-0.01335	-0.08112
26.33	-0.008654	-0.08413
26.38	-0.003793	-0.08701
26.43	0.00123	-0.08972
26.48	0.006415	-0.09225
26.53	0.01176	-0.09455
26.58	0.01727	-0.09661
26.62	0.02293	-0.09839
26.67	0.02874	-0.09987
26.72	0.03468	-0.101
26.77	0.04074	-0.1018
26.82	0.0469	-0.1022
26.87	0.05313	-0.1022
26.92	0.05941	-0.1018
26.97	0.06571	-0.101
27.02	0.07199	-0.0998
27.06	0.07822	-0.09814
27.11	0.08438	-0.09606
27.16	0.09041	-0.09357
27.21	0.0963	-0.09068
27.26	0.102	-0.08741
27.31	0.1075	-0.08379
27.36	0.1127	-0.07985
27.41	0.1177	-0.07562
27.45	0.1224	-0.07114
27.5	0.1267	-0.06646
27.55	0.1306	-0.06163
27.6	0.1342	-0.05669
27.65	0.1373	-0.05169
27.7	0.1399	-0.0467
27.75	0.1421	-0.04176
27.8	0.1437	-0.03691
27.85	0.1448	-0.03222
27.89	0.1455	-0.0277
27.94	0.1455	-0.02341
27.99	0.1451	-0.01936
28.04	0.1442	-0.01557
28.09	0.1427	-0.01207
28.14	0.1408	-0.008847
28.19	0.1384	-0.00591
28.24	0.1357	-0.003246
28.29	0.1325	-0.0008412
28.33	0.1289	0.001324
28.38	0.125	0.003272
28.43	0.1208	0.005029
28.48	0.1162	0.006622
28.53	0.1114	0.008078
28.58	0.1062	0.009424
28.63	0.1008	0.01068
28.68	0.0951	0.01188
28.72	0.0891	0.01302
28.77	0.08281	0.01414
28.82	0.07623	0.01524
28.87	0.06936	0.01632
28.92	0.06221	0.0174
28.97	0.05478	0.01848
29.02	0.04709	0.01955
29.07	0.03915	0.02061
29.12	0.03099	0.02166
29.16	0.02263	0.02268
29.21	0.01412	0.02368
29.26	0.005479	0.02464
29.31	-0.003239	0.02556
29.36	-0.01199	0.02643
29.41	-0.02073	0.02726
29.46	-0.02942	0.02804
29.51	-0.038	0.02878
29.56	-0.04642	0.02948
29.6	-0.05466	0.03015
29.65	-0.06265	0.03081
29.7	-0.07036	0.03145
29.75	-0.07776	0.0321
29.8	-0.08479	0.03277
29.85	-0.09142	0.03345
29.9	-0.09762	0.03415
29.95	-0.1034	0.03488
30	-0.1086	0.03563
30.04	-0.1134	0.0364
30.09	-0.1177	0.03718
30.14	-0.1215	0.03796
30.19	-0.1248	0.03873
30.24	-0.1276	0.03948
30.29	-0.13	0.0402
30.34	-0.1319	0.04088
30.39	-0.1335	0.0415
30.43	-0.1346	0.04208
30.48	-0.1354	0.04259
30.53	-0.1359	0.04303
30.58	-0.1362	0.04341
30.63	-0.1362	0.04372
30.68	-0.136	0.04396
30.73	-0.1356	0.04412
30.78	-0.1351	0.04421
30.83	-0.1345	0.04422
30.87	-0.1337	0.04416
30.92	-0.1328	0.04401
30.97	-0.1319	0.04377
31.02	-0.1308	0.04345
31.07	-0.1297	0.04304
31.12	-0.1286	0.04254
31.17	-0.1273	0.04196
31.22	-0.126	0.0413
31.27	-0.1247	0.04057
31.31	-0.1233	0.03978
31.36	-0.1219	0.03893
31.41	-0.1204	0.03804
31.46	-0.119	0.03711
31.51	-0.1176	0.03616
31.56	-0.1162	0.0352
31.61	-0.1149	0.03424
31.66	-0.1137	0.03328
31.7	-0.1125	0.03233
31.75	-0.1115	0.0314
31.8	-0.1105	0.03049
31.85	-0.1096	0.0296
31.9	-0.1089	0.02873
31.95	-0.1082	0.0279
32	-0.1076	0.0271
32.05	-0.1071	0.02634
32.1	-0.1067	0.02562
32.14	-0.1063	0.02494
32.19	-0.1059	0.0243
32.24	-0.1055	0.02372
32.29	-0.1052	0.02319
32.34	-0.1048	0.02271
32.39	-0.1044	0.0223
32.44	-0.1039	0.02194
32.49	-0.1033	0.02165
32.54	-0.1027	0.0214
32.58	-0.102	0.0212
32.63	-0.1012	0.02103
32.68	-0.1002	0.02089
32.73	-0.09912	0.02075
32.78	-0.09784	0.02059
32.83	-0.09637	0.0204
32.88	-0.0947	0.02014
32.93	-0.09281	0.0198
32.98	-0.09068	0.01935
33.02	-0.08832	0.01876
33.07	-0.08571	0.01801
33.12	-0.08286	0.01708
33.17	-0.07976	0.01595
33.22	-0.07643	0.01461
33.27	-0.07287	0.01305
33.32	-0.0691	0.01126
33.37	-0.06513	0.009242
33.41	-0.06098	0.007003
33.46	-0.05667	0.004547
33.51	-0.05223	0.001884
33.56	-0.04766	-0.0009723
33.61	-0.043	-0.004009
33.66	-0.03826	-0.007213
33.71	-0.03347	-0.01057
33.76	-0.02863	-0.01406
33.81	-0.02376	-0.01768
33.85	-0.01888	-0.0214
33.9	-0.01399	-0.02523
33.95	-0.009102	-0.02914
34	-0.004216	-0.03312
34.05	0.0006638	-0.03717
34.1	0.005535	-0.04125
34.15	0.0104	-0.04536
34.2	0.01526	-0.04946
34.25	0.02011	-0.05356
34.29	0.02496	-0.05761
34.34	0.02981	-0.06159
34.39	0.03467	-0.0655
34.44	0.03954	-0.06929
34.49	0.04443	-0.07296
34.54	0.04934	-0.07649
34.59	0.05428	-0.07987
34.64	0.05925	-0.08308
34.68	0.06426	-0.08612
34.73	0.0693	-0.08898
34.78	0.07439	-0.09166
34.83	0.0795	-0.09415
34.88	0.08464	-0.09644
34.93	0.08981	-0.09852
34.98	0.09498	-0.1004
35.03	0.1002	-0.102
35.08	0.1053	-0.1034
35.12	0.1105	-0.1046
35.17	0.1156	-0.1054
35.22	0.1206	-0.106
35.27	0.1256	-0.1062
35.32	0.1304	-0.1061
35.37	0.1352	-0.1056
35.42	0.1398	-0.1046
35.47	0.1442	-0.1033
35.52	0.1484	-0.1016
35.56	0.1523	-0.09936
35.61	0.156	-0.09671
35.66	0.1594	-0.09364
35.71	0.1626	-0.09013
35.76	0.1653	-0.08622
35.81	0.1678	-0.08192
35.86	0.1699	-0.07727
35.91	0.1716	-0.0723
35.96	0.173	-0.06706
36	0.174	-0.06158
36.05	0.1746	-0.0559
36.1	0.1748	-0.05008
36.15	0.1747	-0.04415
36.2	0.1742	-0.03814
36.25	0.1733	-0.03211
36.3	0.1721	-0.02607
36.35	0.1706	-0.02007
36.39	0.1687	-0.01412
36.44	0.1665	-0.008236
36.49	0.1641	-0.002449
36.54	0.1613	0.00323
36.59	0.1583	0.00879
36.64	0.155	0.01422
36.69	0.1515	0.0195
36.74	0.1477	0.02463
36.79	0.1437	0.0296
36.83	0.1395	0.03439
36.88	0.1351	0.03901
36.93	0.1305	0.04344
36.98	0.1257	0.04768
37.03	0.1208	0.05172
37.08	0.1158	0.05556
37.13	0.1107	0.0592
37.18	0.1055	0.06264
37.23	0.1003	0.06586
37.27	0.09514	0.06887
37.32	0.08998	0.07165
37.37	0.08487	0.0742
37.42	0.07985	0.07649
37.47	0.07495	0.07852
37.52	0.07021	0.08026
37.57	0.06563	0.0817
37.62	0.06126	0.0828
37.66	0.05712	0.08355
37.71	0.05322	0.08393
37.76	0.04958	0.0839
37.81	0.04623	0.08345
37.86	0.04317	0.08256
37.91	0.04042	0.08122
37.96	0.03798	0.07942
38.01	0.03586	0.07715
38.06	0.03406	0.07441
38.1	0.03258	0.0712
38.15	0.03141	0.06754
38.2	0.03056	0.06345
38.25	0.03002	0.05895
38.3	0.02977	0.05406
38.35	0.02981	0.04882
38.4	0.03012	0.04329
38.45	0.03067	0.03749
38.5	0.03143	0.0315
38.54	0.0324	0.02535
38.59	0.03352	0.0191
38.64	0.03479	0.01282
38.69	0.03615	0.006556
38.74	0.03758	0.0003656
38.79	0.03903	-0.005696
38.84	0.04047	-0.01157
38.89	0.04187	-0.01722
38.94	0.04318	-0.02259
38.98	0.04436	-0.02763
39.03	0.04538	-0.03232
39.08	0.04621	-0.03661
39.13	0.04682	-0.04047
39.18	0.04717	-0.04389
39.23	0.04725	-0.04683
39.28	0.04703	-0.04929
39.33	0.04651	-0.05125
39.37	0.04567	-0.0527
39.42	0.04451	-0.05364
39.47	0.04302	-0.05405
39.52	0.04122	-0.05395
39.57	0.03911	-0.05334
39.62	0.03669	-0.05221
39.67	0.03399	-0.05058
39.72	0.03102	-0.04847
39.77	0.02778	-0.04588
39.81	0.02431	-0.04284
39.86	0.0206	-0.03937
39.91	0.01667	-0.0355
39.96	0.01255	-0.03125
40.01	0.008238	-0.02666
40.06	0.00376	-0.02177
40.11	-0.0008705	-0.01659
40.16	-0.005634	-0.01118
40.21	-0.01051	-0.005575
40.25	-0.01547	0.0001953
40.3	-0.0205	0.006089
40.35	-0.02557	0.01207
40.4	-0.03064	0.0181
40.45	-0.0357	0.02414
40.5	-0.04069	0.03017
40.55	-0.0456	0.03615
40.6	-0.05039	0.04205
40.64	-0.05504	0.04785
40.69	-0.0595	0.05354
40.74	-0.06376	0.05909
40.79	-0.06779	0.06448
40.84	-0.07158	0.06971
40.89	-0.07511	0.07476
40.94	-0.07836	0.07962
40.99	-0.08133	0.08428
41.04	-0.084	0.08873
41.08	-0.08638	0.09295
41.13	-0.08845	0.09692
41.18	-0.09022	0.1006
41.23	-0.09168	0.104
41.28	-0.09283	0.1072
41.33	-0.09366	0.1099
41.38	-0.09418	0.1124
41.43	-0.09438	0.1144
41.48	-0.09428	0.116
41.52	-0.09386	0.1173
41.57	-0.09314	0.1181
41.62	-0.09212	0.1185
41.67	-0.0908	0.1184
41.72	-0.08919	0.1179
41.77	-0.08729	0.1169
41.82	-0.08513	0.1155
41.87	-0.0827	0.1137
41.91	-0.08003	0.1115
41.96	-0.07714	0.109
42.01	-0.07404	0.1061
42.06	-0.07077	0.1028
42.11	-0.06735	0.0993
42.16	-0.06382	0.0955
42.21	-0.0602	0.09146
42.26	-0.05654	0.0872
42.31	-0.05288	0.08276
42.35	-0.04923	0.07815
42.4	-0.04565	0.07339
42.45	-0.04215	0.06852
42.5	-0.03876	0.06353
42.55	-0.0355	0.05846
42.6	-0.03239	0.05332
42.65	-0.02942	0.04812
42.7	-0.02661	0.04289
42.75	-0.02395	0.03763
42.79	-0.02142	0.03235
42.84	-0.01903	0.02709
42.89	-0.01675	0.02184
42.94	-0.01459	0.01664
42.99	-0.01254	0.0115
43.04	-0.01059	0.006434
43.09	-0.008739	0.001476
43.14	-0.006997	-0.003354
43.19	-0.005367	-0.008029
43.23	-0.003859	-0.01252
43.28	-0.002482	-0.01681
43.33	-0.001245	-0.02085
43.38	-0.0001564	-0.02464
43.43	0.0007769	-0.02813
43.48	0.001552	-0.03131
43.53	0.00217	-0.03417
43.58	0.002634	-0.03668
43.62	0.00295	-0.03883
43.67	0.003129	-0.04063
43.72	0.00318	-0.04205
43.77	0.003112	-0.04312
43.82	0.002937	-0.04382
43.87	0.00266	-0.04417
43.92	0.002289	-0.04418
43.97	0.001824	-0.04387
44.02	0.001266	-0.04327
44.06	0.0006125	-0.04238
44.11	-0.0001424	-0.04125
44.16	-0.001006	-0.0399
44.21	-0.001986	-0.03838
44.26	-0.003093	-0.03672
44.31	-0.004338	-0.03497
44.36	-0.005732	-0.03317
44.41	-0.007285	-0.03138
44.46	-0.009009	-0.02963
44.5	-0.01091	-0.02799
44.55	-0.013	-0.02651
44.6	-0.01528	-0.02522
44.65	-0.01776	-0.02418
44.7	-0.02043	-0.02343
44.75	-0.02329	-0.02302
44.8	-0.02633	-0.02296
44.85	-0.02953	-0.02328
44.89	-0.03287	-0.024
44.94	-0.03633	-0.02513
44.99	-0.03989	-0.02667
45.04	-0.0435	-0.02862
45.09	-0.04714	-0.03098
45.14	-0.05078	-0.03373
45.19	-0.05439	-0.03685
45.24	-0.05793	-0.04034
45.29	-0.06138	-0.04418
45.33	-0.0647	-0.04834
45.38	-0.06789	-0.0528
45.43	-0.07091	-0.05755
45.48	-0.07375	-0.06256
45.53	-0.0764	-0.06781
45.58	-0.07884	-0.07326
45.63	-0.08106	-0.07889
45.68	-0.08304	-0.08466
45.73	-0.08477	-0.09052
45.77	-0.08624	-0.09644
45.82	-0.08741	-0.1024
45.87	-0.08828	-0.1082
45.92	-0.08881	-0.114
45.97	-0.08899	-0.1197
46.02	-0.08879	-0.1251
46.07	-0.0882	-0.1304
46.12	-0.08719	-0.1353
46.17	-0.08577	-0.14
46.21	-0.08392	-0.1443
46.26	-0.08164	-0.1483
46.31	-0.07896	-0.1519
46.36	-0.07586	-0.1551
46.41	-0.07239	-0.158
46.46	-0.06857	-0.1604
46.51	-0.06441	-0.1625
46.56	-0.05997	-0.1643
46.6	-0.05526	-0.1656
46.65	-0.05032	-0.1666
46.7	-0.04518	-0.1672
46.75	-0.03989	-0.1675
46.8	-0.03446	-0.1674
46.85	-0.02893	-0.167
46.9	-0.02333	-0.1662
46.95	-0.0177	-0.1651
47	-0.01206	-0.1636
47.04	-0.006453	-0.1619
47.09	-0.0009044	-0.1598
47.14	0.004551	-0.1573
47.19	0.00988	-0.1546
47.24	0.01505	-0.1516
47.29	0.02004	-0.1482
47.34	0.02481	-0.1446
47.39	0.02934	-0.1407
47.44	0.0336	-0.1365
47.48	0.03759	-0.132
47.53	0.04129	-0.1273
47.58	0.04468	-0.1223
47.63	0.04777	-0.1172
47.68	0.05056	-0.1119
47.73	0.05305	-0.1064
47.78	0.05525	-0.1007
47.83	0.05715	-0.095
47.87	0.05877	-0.08915
47.92	0.06011	-0.08323
47.97	0.06118	-0.07726
48.02	0.06198	-0.07124
48.07	0.0625	-0.0652
48.12	0.06276	-0.05913
48.17	0.06275	-0.05304
48.22	0.06248	-0.04693
48.27	0.06193	-0.04079
48.31	0.06112	-0.03463
48.36	0.06004	-0.02843
48.41	0.05871	-0.02217
48.46	0.05714	-0.01586
48.51	0.05533	-0.009475
48.56	0.0533	-0.003017
48.61	0.05106	0.003521
48.66	0.04863	0.01014
48.71	0.04603	0.01683
48.75	0.04326	0.02359
48.8	0.04034	0.0304
48.85	0.03729	0.03724
48.9	0.03412	0.04409
48.95	0.03083	0.05091
49	0.02743	0.05768
49.05	0.02393	0.06437
49.1	0.02034	0.07092
49.15	0.01666	0.07731
49.19	0.0129	0.0835
49.24	0.009081	0.08946
49.29	0.005199	0.09515
49.34	0.00127	0.1005
49.39	-0.002692	0.1056
49.44	-0.00667	0.1103
49.49	-0.01065	0.1147
49.54	-0.0146	0.1187
49.58	-0.01852	0.1223
49.63	-0.02239	0.1255
49.68	-0.02618	0.1283
49.73	-0.02989	0.1308
49.78	-0.03349	0.1329
49.83	-0.03699	0.1346
49.88	-0.04036	0.136
49.93	-0.0436	0.137
49.98	-0.0467	0.1378
50.02	-0.04965	0.1383
50.07	-0.05245	0.1384
50.12	-0.05508	0.1384
50.17	-0.05754	0.138
50.22	-0.05982	0.1375
50.27	-0.0619	0.1367
50.32	-0.06378	0.1358
50.37	-0.06543	0.1347
50.42	-0.06686	0.1335
50.46	-0.06805	0.1321
50.51	-0.06898	0.1307
50.56	-0.06965	0.1292
50.61	-0.07006	0.1277
50.66	-0.07018	0.1263
50.71	-0.07003	0.1248
50.76	-0.0696	0.1235
50.81	-0.06888	0.1222
50.85	-0.06788	0.121
50.9	-0.0666	0.12
50.95	-0.06504	0.1191
51	-0.06322	0.1183
51.05	-0.06114	0.1177
51.1	-0.0588	0.1171
51.15	-0.05621	0.1167
51.2	-0.05339	0.1163
51.25	-0.05034	0.116
51.29	-0.04705	0.1156
51.34	-0.04353	0.1153
51.39	-0.03976	0.1149
51.44	-0.03573	0.1144
51.49	-0.03141	0.1139
51.54	-0.02678	0.1133
51.59	-0.02181	0.1126
51.64	-0.01645	0.1117
51.69	-0.01069	0.1108
51.73	-0.004466	0.1098
51.78	0.002234	0.1087
51.83	0.009441	0.1075
51.88	0.01717	0.1063
51.93	0.02544	0.105
51.98	0.03424	0.1037
52.03	0.04357	0.1024
52.08	0.0534	0.1012
52.13	0.06371	0.09991
52.17	0.07445	0.09872
52.22	0.0856	0.0976
52.27	0.09709	0.09657
52.32	0.1089	0.09564
52.37	0.1209	0.09482
52.42	0.1331	0.09412
52.47	0.1455	0.09354
52.52	0.1579	0.09308
52.56	0.1703	0.09274
52.61	0.1828	0.09253
52.66	0.1951	0.09243
52.71	0.2074	0.09244
52.76	0.2195	0.09257
52.81	0.2313	0.09281
52.86	0.243	0.09316
52.91	0.2543	0.09361
52.96	0.2653	0.09418
53	0.2759	0.09484
53.05	0.2861	0.0956
53.1	0.2958	0.09644
53.15	0.305	0.09734
53.2	0.3136	0.09828
53.25	0.3217	0.09922
53.3	0.329	0.1001
53.35	0.3357	0.101
53.4	0.3416	0.1017
53.44	0.3468	0.1022
53.49	0.3512	0.1026
53.54	0.3548	0.1027
53.59	0.3576	0.1025
53.64	0.3595	0.1021
53.69	0.3607	0.1013
53.74	0.3611	0.1002
53.79	0.3607	0.09877
53.83	0.3597	0.09705
53.88	0.3579	0.09504
53.93	0.3554	0.09277
53.98	0.3524	0.09025
54.03	0.3488	0.08752
54.08	0.3448	0.08459
54.13	0.3403	0.08149
54.18	0.3354	0.07823
54.23	0.3302	0.07482
54.27	0.3247	0.07126
54.32	0.319	0.06756
54.37	0.3131	0.06369
54.42	0.307	0.05966
54.47	0.3009	0.05545
54.52	0.2947	0.05106
54.57	0.2884	0.04647
54.62	0.2821	0.04169
54.67	0.2757	0.0367
54.71	0.2693	0.03152
54.76	0.2629	0.02615
54.81	0.2564	0.02061
54.86	0.2499	0.01491
54.91	0.2433	0.009084
54.96	0.2366	0.003142
55.01	0.2297	-0.002889
55.06	0.2227	-0.008988
55.11	0.2154	-0.01513
55.15	0.2079	-0.0213
55.2	0.2001	-0.02748
55.25	0.192	-0.03365
55.3	0.1836	-0.0398
55.35	0.1747	-0.04593
55.4	0.1654	-0.05201
55.45	0.1556	-0.05805
55.5	0.1453	-0.06403
55.54	0.1346	-0.06995
55.59	0.1232	-0.0758
55.64	0.1113	-0.08158
55.69	0.09883	-0.08727
55.74	0.08578	-0.09286
55.79	0.07215	-0.09835
55.84	0.05793	-0.1037
55.89	0.04313	-0.109
55.94	0.02775	-0.1141
55.98	0.01178	-0.1191
56.03	-0.004769	-0.1239
56.08	-0.02191	-0.1286
56.13	-0.03964	-0.1331
56.18	-0.05798	-0.1374
56.23	-0.07694	-0.1416
56.28	-0.09651	-0.1455
56.33	-0.1167	-0.1493
56.38	-0.1376	-0.1529
56.42	-0.159	-0.1562
56.47	-0.1812	-0.1594
56.52	-0.2039	-0.1623
56.57	-0.2273	-0.165
56.62	-0.2512	-0.1675
56.67	-0.2758	-0.1697
56.72	-0.3008	-0.1716
56.77	-0.3262	-0.1733
56.81	-0.3521	-0.1747
56.86	-0.3783	-0.1757
56.91	-0.4048	-0.1765
56.96	-0.4315	-0.1769
57.01	-0.4583	-0.1769
57.06	-0.4852	-0.1765
57.11	-0.512	-0.1758
57.16	-0.5387	-0.1746
57.21	-0.5653	-0.173
57.25	-0.5917	-0.171
57.3	-0.6177	-0.1686
57.35	-0.6434	-0.1658
57.4	-0.6687	-0.1626
57.45	-0.6935	-0.159
57.5	-0.7177	-0.1551
57.55	-0.7413	-0.1509
57.6	-0.7641	-0.1463
57.65	-0.7862	-0.1415
57.69	-0.8075	-0.1364
57.74	-0.8279	-0.131
57.79	-0.8473	-0.1254
57.84	-0.8657	-0.1195
57.89	-0.8831	-0.1133
57.94	-0.8994	-0.1069
57.99	-0.9146	-0.1003
58.04	-0.9287	-0.0933
58.09	-0.9416	-0.08608
58.13	-0.9533	-0.07859
58.18	-0.9637	-0.07085
58.23	-0.9729	-0.06287
58.28	-0.9808	-0.05469
58.33	-0.9874	-0.04633
58.38	-0.9927	-0.03784
58.43	-0.9965	-0.02927
58.48	-0.999	-0.02067
58.52	-1	-0.01209
58.57	-0.9996	-0.003616
58.62	-0.9976	0.004703
58.67	-0.9942	0.01279
58.72	-0.9892	0.02058
58.77	-0.9827	0.02801
58.82	-0.9746	0.035
58.87	-0.965	0.0415
58.92	-0.9538	0.04744
58.96	-0.9411	0.05278
59.01	-0.9269	0.05748
59.06	-0.9112	0.06149
59.11	-0.894	0.06479
59.16	-0.8754	0.06737
59.21	-0.8555	0.06921
59.26	-0.8342	0.07031
59.31	-0.8117	0.0707
59.36	-0.7879	0.07037
59.4	-0.763	0.06936
59.45	-0.7371	0.0677
59.5	-0.7101	0.06543
59.55	-0.6821	0.06258
59.6	-0.6533	0.0592
59.65	-0.6236	0.05534
59.7	-0.5932	0.05104
59.75	-0.5622	0.04637
59.79	-0.5305	0.04137
59.84	-0.4983	0.0361
59.89	-0.4657	0.0306
59.94	-0.4326	0.02491
59.99	-0.3993	0.01909
60.04	-0.3657	0.01318
60.09	-0.3319	0.007206
60.14	-0.298	0.001214
60.19	-0.2641	-0.004768
60.23	-0.2301	-0.01071
60.28	-0.1963	-0.0166
60.33	-0.1627	-0.02241
60.38	-0.1293	-0.02812
60.43	-0.09628	-0.03371
60.48	-0.06361	-0.03917
60.53	-0.0314	-0.04448
60.58	0.0003051	-0.04962
60.63	0.03143	-0.05457
60.67	0.06194	-0.05932
60.72	0.09178	-0.06384
60.77	0.1209	-0.06811
60.82	0.1493	-0.0721
60.87	0.1769	-0.0758
60.92	0.2037	-0.07918
60.97	0.2296	-0.08224
61.02	0.2548	-0.08494
61.06	0.2791	-0.08727
61.11	0.3025	-0.08924
61.16	0.3252	-0.09084
61.21	0.347	-0.09206
61.26	0.3681	-0.09291
61.31	0.3884	-0.09341
61.36	0.4081	-0.09357
61.41	0.4271	-0.0934
61.46	0.4454	-0.09293
61.5	0.4633	-0.09217
61.55	0.4806	-0.09114
61.6	0.4975	-0.08987
61.65	0.5141	-0.08837
61.7	0.5303	-0.08665
61.75	0.5462	-0.08474
61.8	0.5619	-0.08264
61.85	0.5775	-0.08037
61.9	0.5929	-0.07795
61.94	0.6082	-0.07538
61.99	0.6234	-0.07268
62.04	0.6386	-0.06987
62.09	0.6539	-0.06695
62.14	0.6691	-0.06395
62.19	0.6843	-0.06088
62.24	0.6995	-0.05776
62.29	0.7148	-0.05459
62.34	0.73	-0.05139
62.38	0.7452	-0.04817
62.43	0.7604	-0.04494
62.48	0.7755	-0.04169
62.53	0.7904	-0.03844
62.58	0.8052	-0.03517
62.63	0.8197	-0.0319
62.68	0.8339	-0.02861
62.73	0.8478	-0.02531
62.77	0.8613	-0.022
62.82	0.8744	-0.01868
62.87	0.887	-0.01534
62.92	0.899	-0.012
62.97	0.9105	-0.008664
63.02	0.9213	-0.005331
63.07	0.9314	-0.00201
63.12	0.9408	0.001297
63.17	0.9494	0.004585
63.21	0.9572	0.007856
63.26	0.9641	0.01111
63.31	0.9701	0.01436
63.36	0.9751	0.0176
63.41	0.9792	0.02085
63.46	0.9822	0.02412
63.51	0.9841	0.02742
63.56	0.9849	0.03075
63.61	0.9845	0.03411
63.65	0.983	0.03753
63.7	0.9803	0.04098
63.75	0.9764	0.04447
63.8	0.9713	0.04798
63.85	0.965	0.05152
63.9	0.9575	0.05504
63.95	0.9489	0.05854
64	0.9391	0.06199
64.04	0.9283	0.06537
64.09	0.9163	0.06865
64.14	0.9034	0.0718
64.19	0.8894	0.07481
64.24	0.8745	0.07764
64.29	0.8587	0.08029
64.34	0.842	0.08275
64.39	0.8245	0.08499
64.44	0.8062	0.08702
64.48	0.7872	0.08884
64.53	0.7675	0.09045
64.58	0.7471	0.09186
64.63	0.7261	0.09308
64.68	0.7046	0.09412
64.73	0.6824	0.09501
64.78	0.6598	0.09576
64.83	0.6367	0.09639
64.88	0.6131	0.09692
64.92	0.5891	0.09737
64.97	0.5647	0.09776
65.02	0.5399	0.09811
65.07	0.5148	0.09842
65.12	0.4893	0.09872
65.17	0.4635	0.099
65.22	0.4375	0.09929
65.27	0.4112	0.09957
65.32	0.3848	0.09987
65.36	0.3582	0.1002
65.41	0.3316	0.1005
65.46	0.305	0.1008
65.51	0.2784	0.1011
65.56	0.2519	0.1013
65.61	0.2255	0.1016
65.66	0.1993	0.1018
65.71	0.1734	0.1019
65.75	0.1478	0.102
65.8	0.1226	0.1021
65.85	0.09779	0.102
65.9	0.0734	0.1018
65.95	0.04947	0.1016
66	0.02604	0.1012
66.05	0.003111	0.1008
66.1	-0.01931	0.1003
66.15	-0.04122	0.09965
66.19	-0.06263	0.09896
66.24	-0.08355	0.09822
66.29	-0.104	0.09741
66.34	-0.124	0.09656
66.39	-0.1435	0.09567
66.44	-0.1627	0.09472
66.49	-0.1814	0.09372
66.54	-0.1998	0.09265
66.59	-0.2179	0.09149
66.63	-0.2356	0.09021
66.68	-0.253	0.0888
66.73	-0.2702	0.08721
66.78	-0.287	0.08541
66.83	-0.3036	0.08337
66.88	-0.3199	0.08105
66.93	-0.336	0.07841
66.98	-0.3517	0.07543
67.02	-0.3672	0.07207
67.07	-0.3823	0.06833
67.12	-0.3971	0.06417
67.17	-0.4115	0.0596
67.22	-0.4254	0.05462
67.27	-0.4389	0.04923
67.32	-0.452	0.04347
67.37	-0.4644	0.03735
67.42	-0.4764	0.03091
67.46	-0.4877	0.0242
67.51	-0.4985	0.01726
67.56	-0.5087	0.01015
67.61	-0.5182	0.00291
67.66	-0.5271	-0.0044
67.71	-0.5353	-0.01173
67.76	-0.5429	-0.01903
67.81	-0.5499	-0.02624
67.86	-0.5562	-0.03334
67.9	-0.5618	-0.04028
67.95	-0.5667	-0.04702
68	-0.571	-0.05354
68.05	-0.5746	-0.05982
68.1	-0.5775	-0.06582
68.15	-0.5797	-0.07155
68.2	-0.5812	-0.07699
68.25	-0.5821	-0.08213
68.3	-0.5823	-0.08698
68.34	-0.5818	-0.09154
68.39	-0.5807	-0.09582
68.44	-0.579	-0.09983
68.49	-0.5767	-0.1036
68.54	-0.5738	-0.107
68.59	-0.5704	-0.1103
68.64	-0.5665	-0.1133
68.69	-0.5621	-0.116
68.73	-0.5573	-0.1186
68.78	-0.552	-0.1209
68.83	-0.5463	-0.123
68.88	-0.5403	-0.1248
68.93	-0.5338	-0.1265
68.98	-0.5271	-0.1279
69.03	-0.52	-0.129
69.08	-0.5126	-0.1299
69.13	-0.5048	-0.1306
69.17	-0.4968	-0.131
69.22	-0.4884	-0.131
69.27	-0.4797	-0.1309
69.32	-0.4706	-0.1304
69.37	-0.4613	-0.1297
69.42	-0.4516	-0.1286
69.47	-0.4415	-0.1273
69.52	-0.4312	-0.1257
69.57	-0.4204	-0.1238
69.61	-0.4094	-0.1217
69.66	-0.398	-0.1192
69.71	-0.3863	-0.1165
69.76	-0.3742	-0.1136
69.81	-0.3619	-0.1104
69.86	-0.3493	-0.1069
69.91	-0.3363	-0.1032
69.96	-0.3231	-0.09919
70	-0.3096	-0.09501
70.05	-0.2959	-0.09062
70.1	-0.282	-0.08605
70.15	-0.2678	-0.08131
70.2	-0.2535	-0.07642
70.25	-0.2391	-0.0714
70.3	-0.2245	-0.06629
70.35	-0.2099	-0.06109
70.4	-0.1952	-0.05585
70.44	-0.1805	-0.05057
70.49	-0.1659	-0.04528
70.54	-0.1513	-0.04
70.59	-0.1369	-0.03475
70.64	-0.1226	-0.02956
70.69	-0.1085	-0.02442
70.74	-0.09455	-0.01936
70.79	-0.08086	-0.0144
70.84	-0.06741	-0.009525
70.88	-0.05422	-0.004755
70.93	-0.04133	-9.061e-05
70.98	-0.02874	0.004469
71.03	-0.01647	0.008923
71.08	-0.004544	0.01328
71.13	0.007018	0.01753
71.18	0.0182	0.02168
71.23	0.02896	0.02575
71.28	0.0393	0.02972
71.32	0.04917	0.03362
71.37	0.05855	0.03743
71.42	0.06742	0.04117
71.47	0.07574	0.04484
71.52	0.08349	0.04845
71.57	0.09065	0.052
71.62	0.09718	0.0555
71.67	0.1031	0.05895
71.71	0.1083	0.06236
71.76	0.1129	0.06573
71.81	0.1168	0.06905
71.86	0.1201	0.07232
71.91	0.1227	0.07554
71.96	0.1247	0.07868
72.01	0.126	0.08175
72.06	0.1268	0.08472
72.11	0.1269	0.08758
72.15	0.1266	0.09029
72.2	0.1257	0.09286
72.25	0.1244	0.09525
72.3	0.1226	0.09744
72.35	0.1205	0.09941
72.4	0.118	0.1011
72.45	0.1151	0.1026
72.5	0.112	0.1038
72.55	0.1085	0.1047
72.59	0.1048	0.1053
72.64	0.1008	0.1056
72.69	0.09662	0.1056
72.74	0.09216	0.1053
72.79	0.08745	0.1046
72.84	0.08251	0.1036
72.89	0.07733	0.1023
72.94	0.07191	0.1007
72.98	0.06628	0.09879
73.03	0.06042	0.0966
73.08	0.05436	0.09415
73.13	0.04811	0.09146
73.18	0.0417	0.08856
73.23	0.03513	0.08546
73.28	0.02844	0.0822
73.33	0.02166	0.07881
73.38	0.01481	0.07532
73.42	0.007936	0.07177
73.47	0.001065	0.0682
73.52	-0.00577	0.06463
73.57	-0.01254	0.06111
73.62	-0.0192	0.05768
73.67	-0.02575	0.05438
73.72	-0.03214	0.05125
73.77	-0.03836	0.04832
73.82	-0.0444	0.04563
73.86	-0.05023	0.0432
73.91	-0.05586	0.04107
73.96	-0.06127	0.03924
74.01	-0.06646	0.03774
74.06	-0.07142	0.03656
74.11	-0.07615	0.03571
74.16	-0.08066	0.0352
74.21	-0.08492	0.035
74.26	-0.08896	0.03511
74.3	-0.09274	0.03551
74.35	-0.09628	0.0362
74.4	-0.09955	0.03715
74.45	-0.1026	0.03835
74.5	-0.1053	0.03978
74.55	-0.1077	0.04143
74.6	-0.1097	0.04328
74.65	-0.1115	0.04531
74.69	-0.1129	0.04752
74.74	-0.1139	0.04987
74.79	-0.1146	0.05235
74.84	-0.1148	0.05495
74.89	-0.1147	0.05762
74.94	-0.1143	0.06034
74.99	-0.1134	0.06309
75.04	-0.1122	0.06581
75.09	-0.1106	0.06847
75.13	-0.1088	0.07104
75.18	-0.1065	0.07346
75.23	-0.104	0.0757
75.28	-0.1012	0.07772
75.33	-0.09802	0.07948
75.38	-0.0946	0.08094
75.43	-0.09088	0.08208
75.48	-0.08686	0.08287
75.53	-0.08255	0.08329
75.57	-0.07793	0.08333
75.62	-0.073	0.08297
75.67	-0.06774	0.08222
75.72	-0.06215	0.08107
75.77	-0.05621	0.07952
75.82	-0.04993	0.07759
75.87	-0.04331	0.07527
75.92	-0.03634	0.07259
75.96	-0.02904	0.06955
76.01	-0.02143	0.06616
76.06	-0.0135	0.06244
76.11	-0.005295	0.0584
76.16	0.003179	0.05405
76.21	0.0119	0.04939
76.26	0.02084	0.04444
76.31	0.03	0.0392
76.36	0.03935	0.03369
76.4	0.04888	0.02789
76.45	0.05858	0.0218
76.5	0.06846	0.01544
76.55	0.0785	0.008786
76.6	0.08871	0.001838
76.65	0.09909	-0.005417
76.7	0.1096	-0.01298
76.75	0.1203	-0.02085
76.8	0.1312	-0.02904
76.84	0.1423	-0.03754
76.89	0.1535	-0.04635
76.94	0.165	-0.05545
76.99	0.1766	-0.06484
77.04	0.1885	-0.07448
77.09	0.2006	-0.08434
77.14	0.213	-0.09438
77.19	0.2257	-0.1046
77.23	0.2387	-0.1148
77.28	0.252	-0.1251
77.33	0.2657	-0.1353
77.38	0.2798	-0.1454
77.43	0.2942	-0.1554
77.48	0.3091	-0.1651
77.53	0.3243	-0.1744
77.58	0.3399	-0.1834
77.63	0.3558	-0.192
77.67	0.372	-0.2001
77.72	0.3885	-0.2076
77.77	0.4051	-0.2146
77.82	0.4219	-0.221
77.87	0.4389	-0.2267
77.92	0.4558	-0.2318
77.97	0.4727	-0.2361
78.02	0.4895	-0.2398
78.07	0.5062	-0.2427
78.11	0.5227	-0.245
78.16	0.5389	-0.2465
78.21	0.5548	-0.2472
78.26	0.5703	-0.2473
78.31	0.5854	-0.2466
78.36	0.6001	-0.2453
78.41	0.6143	-0.2432
78.46	0.6279	-0.2405
78.51	0.6409	-0.2371
78.55	0.6533	-0.2331
78.6	0.6649	-0.2285
78.65	0.6759	-0.2233
78.7	0.686	-0.2175
78.75	0.6953	-0.2112
78.8	0.7037	-0.2043
78.85	0.7113	-0.1969
78.9	0.7179	-0.1891
78.94	0.7235	-0.1807
78.99	0.7281	-0.1719
79.04	0.7318	-0.1626
79.09	0.7345	-0.153
79.14	0.7361	-0.1428
79.19	0.7369	-0.1323
79.24	0.7366	-0.1213
79.29	0.7355	-0.11
79.34	0.7335	-0.09824
79.38	0.7307	-0.0861
79.43	0.7271	-0.07359
79.48	0.7227	-0.06072
79.53	0.7177	-0.04751
79.58	0.712	-0.03401
79.63	0.7058	-0.02023
79.68	0.6989	-0.00624
79.73	0.6915	0.007923
79.78	0.6836	0.0222
79.82	0.6752	0.03652
79.87	0.6663	0.05081
79.92	0.6568	0.06502
79.97	0.6469	0.07906
80.02	0.6364	0.09285
80.07	0.6254	0.1063
80.12	0.6138	0.1195
80.17	0.6016	0.1321
80.21	0.5888	0.1443
80.26	0.5754	0.156
80.31	0.5613	0.167
80.36	0.5465	0.1774
80.41	0.5311	0.1872
80.46	0.5149	0.1962
80.51	0.498	0.2045
80.56	0.4804	0.2121
80.61	0.462	0.2189
80.65	0.4429	0.2248
80.7	0.423	0.23
80.75	0.4024	0.2343
80.8	0.3811	0.2378
80.85	0.359	0.2405
80.9	0.3362	0.2422
80.95	0.3127	0.2431
81	0.2885	0.2431
81.05	0.2637	0.2423
81.09	0.2383	0.2407
81.14	0.2123	0.2382
81.19	0.1857	0.235
81.24	0.1586	0.2311
81.29	0.1311	0.2265
81.34	0.1032	0.2213
81.39	0.07493	0.2155
81.44	0.04635	0.2093
81.49	0.01753	0.2026
81.53	-0.0115	0.1956
81.58	-0.04067	0.1883
81.63	-0.06994	0.1808
81.68	-0.09924	0.1731
81.73	-0.1285	0.1652
81.78	-0.1577	0.1573
81.83	-0.1868	0.1494
81.88	-0.2157	0.1415
81.92	-0.2444	0.1336
81.97	-0.2728	0.1258
82.02	-0.3008	0.118
82.07	-0.3285	0.1104
82.12	-0.3557	0.103
82.17	-0.3824	0.09568
82.22	-0.4086	0.08854
82.27	-0.4342	0.08157
82.32	-0.4593	0.07478
82.36	-0.4836	0.06816
82.41	-0.5073	0.06172
82.46	-0.5303	0.05545
82.51	-0.5526	0.04936
82.56	-0.5741	0.04342
82.61	-0.5948	0.03765
82.66	-0.6147	0.03205
82.71	-0.6339	0.0266
82.76	-0.6522	0.02133
82.8	-0.6698	0.01625
82.85	-0.6865	0.01136
82.9	-0.7025	0.006703
82.95	-0.7176	0.002293
83	-0.732	-0.001837
83.05	-0.7456	-0.005658
83.1	-0.7585	-0.009145
83.15	-0.7707	-0.01227
83.19	-0.7822	-0.01503
83.24	-0.7931	-0.01739
83.29	-0.8034	-0.01936
83.34	-0.8132	-0.02093
83.39	-0.8223	-0.02213
83.44	-0.831	-0.02296
83.49	-0.8392	-0.02346
83.54	-0.8469	-0.02367
83.59	-0.8541	-0.02363
83.63	-0.8608	-0.02338
83.68	-0.867	-0.02298
83.73	-0.8728	-0.02248
83.78	-0.878	-0.02193
83.83	-0.8828	-0.02138
83.88	-0.8871	-0.02089
83.93	-0.8909	-0.02049
83.98	-0.8942	-0.02022
84.03	-0.8969	-0.02012
84.07	-0.8992	-0.0202
84.12	-0.9011	-0.0205
84.17	-0.9024	-0.02103
84.22	-0.9033	-0.02179
84.27	-0.9037	-0.02278
84.32	-0.9036	-0.02401
84.37	-0.903	-0.02547
84.42	-0.9019	-0.02715
84.47	-0.9002	-0.02906
84.51	-0.898	-0.03117
84.56	-0.8952	-0.03348
84.61	-0.8918	-0.036
84.66	-0.8876	-0.0387
84.71	-0.8827	-0.04159
84.76	-0.877	-0.04467
84.81	-0.8705	-0.04793
84.86	-0.8631	-0.05138
84.9	-0.8548	-0.055
84.95	-0.8455	-0.0588
85	-0.8353	-0.06277
85.05	-0.8241	-0.0669
85.1	-0.8119	-0.07118
85.15	-0.7987	-0.0756
85.2	-0.7846	-0.08014
85.25	-0.7695	-0.08477
85.3	-0.7535	-0.08946
85.34	-0.7367	-0.0942
85.39	-0.719	-0.09895
85.44	-0.7006	-0.1037
85.49	-0.6815	-0.1083
85.54	-0.6617	-0.1129
85.59	-0.6413	-0.1174
85.64	-0.6204	-0.1217
85.69	-0.599	-0.1258
85.74	-0.5772	-0.1297
85.78	-0.555	-0.1333
85.83	-0.5325	-0.1368
85.88	-0.5097	-0.1399
85.93	-0.4867	-0.1428
85.98	-0.4636	-0.1454
86.03	-0.4403	-0.1478
86.08	-0.417	-0.1499
86.13	-0.3936	-0.1518
86.17	-0.3703	-0.1535
86.22	-0.347	-0.155
86.27	-0.3238	-0.1563
86.32	-0.3007	-0.1574
86.37	-0.2779	-0.1585
86.42	-0.2552	-0.1595
86.47	-0.2328	-0.1604
86.52	-0.2107	-0.1613
86.57	-0.1888	-0.1622
86.61	-0.1674	-0.1631
86.66	-0.1462	-0.1641
86.71	-0.1255	-0.1651
86.76	-0.1051	-0.1661
86.81	-0.08517	-0.1671
86.86	-0.06559	-0.1682
86.91	-0.0464	-0.1692
86.96	-0.02759	-0.1703
87.01	-0.009132	-0.1713
87.05	0.00899	-0.1722
87.1	0.0268	-0.173
87.15	0.04434	-0.1736
87.2	0.06162	-0.1741
87.25	0.07869	-0.1744
87.3	0.09556	-0.1743
87.35	0.1123	-0.174
87.4	0.1289	-0.1733
87.45	0.1454	-0.1723
87.49	0.1617	-0.1709
87.54	0.178	-0.169
87.59	0.1943	-0.1667
87.64	0.2104	-0.1639
87.69	0.2265	-0.1607
87.74	0.2424	-0.157
87.79	0.2583	-0.1528
87.84	0.274	-0.1481
87.88	0.2895	-0.143
87.93	0.3049	-0.1373
87.98	0.3201	-0.1312
88.03	0.335	-0.1246
88.08	0.3497	-0.1176
88.13	0.3642	-0.1102
88.18	0.3783	-0.1024
88.23	0.3922	-0.09431
88.28	0.4058	-0.08588
88.32	0.4191	-0.07719
88.37	0.4321	-0.06829
88.42	0.4448	-0.05922
88.47	0.4571	-0.05002
88.52	0.4692	-0.04074
88.57	0.4809	-0.03141
88.62	0.4924	-0.02209
88.67	0.5035	-0.0128
88.72	0.5142	-0.003566
88.76	0.5246	0.005582
88.81	0.5347	0.01463
88.86	0.5444	0.02355
88.91	0.5537	0.03234
88.96	0.5626	0.04099
89.01	0.571	0.04949
89.06	0.579	0.05782
89.11	0.5866	0.06598
89.15	0.5936	0.07396
89.2	0.6001	0.08175
89.25	0.606	0.08934
89.3	0.6112	0.09671
89.35	0.6158	0.1039
89.4	0.6197	0.1108
89.45	0.6228	0.1175
89.5	0.6251	0.124
89.55	0.6266	0.1303
89.59	0.6272	0.1363
89.64	0.6268	0.1422
89.69	0.6255	0.1478
89.74	0.6232	0.1532
89.79	0.6199	0.1585
89.84	0.6155	0.1635
89.89	0.6101	0.1684
89.94	0.6036	0.1731
89.99	0.596	0.1776
90.03	0.5873	0.1819
90.08	0.5776	0.1859
90.13	0.5669	0.1898
90.18	0.5551	0.1934
90.23	0.5423	0.1967
90.28	0.5286	0.1998
90.33	0.514	0.2026
90.38	0.4985	0.2051
90.43	0.4823	0.2073
90.47	0.4654	0.2093
90.52	0.4478	0.2109
90.57	0.4297	0.2123
90.62	0.4112	0.2135
90.67	0.3922	0.2143
90.72	0.373	0.2149
90.77	0.3535	0.2153
90.82	0.3338	0.2154
90.86	0.3141	0.2153
90.91	0.2943	0.215
90.96	0.2745	0.2145
91.01	0.2547	0.2137
91.06	0.235	0.2128
91.11	0.2154	0.2116
91.16	0.196	0.2103
91.21	0.1767	0.2087
91.26	0.1577	0.2069
91.3	0.1389	0.2049
91.35	0.1203	0.2027
91.4	0.1021	0.2003
91.45	0.08416	0.1977
91.5	0.06662	0.1949
91.55	0.04949	0.1919
91.6	0.0328	0.1886
91.65	0.01657	0.1852
91.7	0.0008281	0.1817
91.74	-0.01441	0.178
91.79	-0.02912	0.1741
91.84	-0.04331	0.1701
91.89	-0.05696	0.166
91.94	-0.07007	0.1618
91.99	-0.08264	0.1574
92.04	-0.09467	0.153
92.09	-0.1062	0.1486
92.13	-0.1171	0.144
92.18	-0.1276	0.1395
92.23	-0.1375	0.1349
92.28	-0.1469	0.1302
92.33	-0.1557	0.1255
92.38	-0.164	0.1208
92.43	-0.1717	0.1161
92.48	-0.1788	0.1112
92.53	-0.1854	0.1064
92.57	-0.1915	0.1014
92.62	-0.197	0.09637
92.67	-0.2019	0.0912
92.72	-0.2063	0.0859
92.77	-0.2101	0.08044
92.82	-0.2135	0.07481
92.87	-0.2164	0.06899
92.92	-0.2188	0.06297
92.97	-0.2208	0.05674
93.01	-0.2224	0.05031
93.06	-0.2236	0.04366
93.11	-0.2244	0.03682
93.16	-0.2249	0.02977
93.21	-0.225	0.02255
93.26	-0.2249	0.01516
93.31	-0.2243	0.007606
93.36	-0.2235	-8.394e-05
93.4	-0.2224	-0.007899
93.45	-0.221	-0.01582
93.5	-0.2193	-0.02384
93.55	-0.2173	-0.03194
93.6	-0.2151	-0.0401
93.65	-0.2126	-0.04831
93.7	-0.21	-0.05654
93.75	-0.2071	-0.0648
93.8	-0.204	-0.07305
93.84	-0.2008	-0.08128
93.89	-0.1975	-0.08947
93.94	-0.194	-0.09761
93.99	-0.1905	-0.1057
94.04	-0.1868	-0.1137
94.09	-0.183	-0.1216
94.14	-0.1791	-0.1294
94.19	-0.1752	-0.137
94.24	-0.1711	-0.1446
94.28	-0.1668	-0.1519
94.33	-0.1625	-0.1592
94.38	-0.1581	-0.1663
94.43	-0.1535	-0.1732
94.48	-0.1489	-0.18
94.53	-0.1441	-0.1866
94.58	-0.1393	-0.193
94.63	-0.1343	-0.1993
94.68	-0.1293	-0.2053
94.72	-0.1242	-0.2112
94.77	-0.119	-0.2168
94.82	-0.1138	-0.2222
94.87	-0.1085	-0.2274
94.92	-0.1031	-0.2323
94.97	-0.09768	-0.237
95.02	-0.09213	-0.2414
95.07	-0.08649	-0.2455
95.11	-0.08074	-0.2492
95.16	-0.07489	-0.2526
95.21	-0.06893	-0.2557
95.26	-0.06287	-0.2583
95.31	-0.05671	-0.2604
95.36	-0.05047	-0.2621
95.41	-0.04417	-0.2633
95.46	-0.03782	-0.2639
95.51	-0.03145	-0.264
95.55	-0.02508	-0.2634
95.6	-0.01874	-0.2623
95.65	-0.01246	-0.2606
95.7	-0.006251	-0.2583
95.75	-0.0001463	-0.2553
95.8	0.005832	-0.2518
95.85	0.01167	-0.2477
95.9	0.01734	-0.243
95.95	0.02282	-0.2377
95.99	0.02811	-0.232
96.04	0.03319	-0.2258
96.09	0.03804	-0.2191
96.14	0.04264	-0.2119
96.19	0.047	-0.2044
96.24	0.05108	-0.1965
96.29	0.05489	-0.1883
96.34	0.05839	-0.1798
96.38	0.06159	-0.1711
96.43	0.06445	-0.1621
96.48	0.06697	-0.1529
96.53	0.06913	-0.1436
96.58	0.07091	-0.1341
96.63	0.07229	-0.1246
96.68	0.07326	-0.1151
96.73	0.07382	-0.1055
96.78	0.07396	-0.09604
96.82	0.07368	-0.08662
96.87	0.07297	-0.0773
96.92	0.07186	-0.06813
96.97	0.07034	-0.05913
97.02	0.06843	-0.05034
97.07	0.06614	-0.04177
97.12	0.0635	-0.03345
97.17	0.0605	-0.02541
97.22	0.05718	-0.01765
97.26	0.05354	-0.01018
97.31	0.04959	-0.003011
97.36	0.04534	0.003861
97.41	0.04079	0.01044
97.46	0.03596	0.01674
97.51	0.03083	0.02278
97.56	0.02542	0.02856
97.61	0.01973	0.03413
97.66	0.01376	0.03948
97.7	0.007544	0.04465
97.75	0.001086	0.04966
97.8	-0.005587	0.05452
97.85	-0.01244	0.05924
97.9	-0.01945	0.06383
97.95	-0.02656	0.06829
98	-0.03373	0.07263
98.05	-0.04092	0.07683
98.09	-0.04808	0.08089
98.14	-0.05516	0.0848
98.19	-0.06213	0.08854
98.24	-0.06894	0.09211
98.29	-0.07557	0.09549
98.34	-0.08199	0.09868
98.39	-0.08817	0.1017
98.44	-0.0941	0.1044
98.49	-0.09977	0.107
98.53	-0.1052	0.1094
98.58	-0.1103	0.1115
98.63	-0.1152	0.1134
98.68	-0.1198	0.1151
98.73	-0.1242	0.1166
98.78	-0.1283	0.1178
98.83	-0.1322	0.1188
98.88	-0.1359	0.1196
98.93	-0.1394	0.1201
98.97	-0.1426	0.1204
99.02	-0.1457	0.1205
99.07	-0.1485	0.1204
99.12	-0.151	0.12
99.17	-0.1533	0.1194
99.22	-0.1554	0.1187
99.27	-0.1573	0.1178
99.32	-0.1588	0.1168
99.36	-0.1601	0.1157
99.41	-0.161	0.1145
99.46	-0.1616	0.1133
99.51	-0.1619	0.1121
99.56	-0.1618	0.1109
99.61	-0.1613	0.1098
99.66	-0.1604	0.1087
99.71	-0.1591	0.1076
99.76	-0.1572	0.1067
99.8	-0.1549	0.1058
99.85	-0.1521	0.105
99.9	-0.1486	0.1043
99.95	-0.1447	0.1036
100	-0.14	0.103
