0	0.1673	-0.05295
0.04885	0.1591	-0.05519
0.0977	0.149	-0.05792
0.1466	0.1374	-0.06099
0.1954	0.1248	-0.06428
0.2443	0.1113	-0.06767
0.2931	0.09731	-0.07106
0.342	0.08304	-0.07435
0.3908	0.06871	-0.07745
0.4397	0.0545	-0.08028
0.4885	0.04058	-0.08278
0.5374	0.02709	-0.08491
0.5862	0.01414	-0.08662
0.6351	0.001847	-0.08791
0.6839	-0.009727	-0.08877
0.7328	-0.02052	-0.08919
0.7816	-0.03048	-0.08921
0.8305	-0.03959	-0.08885
0.8793	-0.04782	-0.08815
0.9282	-0.05516	-0.08714
0.977	-0.06163	-0.08588
1.026	-0.06722	-0.08441
1.075	-0.07196	-0.08277
1.124	-0.07586	-0.08102
1.172	-0.07896	-0.0792
1.221	-0.08128	-0.07736
1.27	-0.08285	-0.07552
1.319	-0.08373	-0.07375
1.368	-0.08393	-0.07206
1.417	-0.08352	-0.07051
1.466	-0.08253	-0.06911
1.514	-0.08102	-0.06791
1.563	-0.07904	-0.06693
1.612	-0.07665	-0.06619
1.661	-0.07391	-0.0657
1.71	-0.07088	-0.06549
1.759	-0.06762	-0.06556
1.808	-0.06421	-0.0659
1.856	-0.06071	-0.06651
1.905	-0.05717	-0.06738
1.954	-0.05367	-0.06848
2.003	-0.05026	-0.0698
2.052	-0.047	-0.07129
2.101	-0.04391	-0.07294
2.149	-0.04105	-0.0747
2.198	-0.03845	-0.07655
2.247	-0.03613	-0.07844
2.296	-0.0341	-0.08036
2.345	-0.03237	-0.08226
2.394	-0.03096	-0.08413
2.443	-0.02986	-0.08595
2.491	-0.02908	-0.0877
2.54	-0.02861	-0.08938
2.589	-0.02846	-0.09097
2.638	-0.02863	-0.09247
2.687	-0.02911	-0.09388
2.736	-0.02989	-0.09518
2.785	-0.03097	-0.09636
2.833	-0.03234	-0.09743
2.882	-0.034	-0.09836
2.931	-0.03593	-0.09915
2.98	-0.03813	-0.09977
3.029	-0.04057	-0.1002
3.078	-0.04326	-0.1004
3.127	-0.04616	-0.1004
3.175	-0.04928	-0.1002
3.224	-0.0526	-0.09967
3.273	-0.05609	-0.09888
3.322	-0.05976	-0.09779
3.371	-0.06358	-0.09641
3.42	-0.06756	-0.09474
3.468	-0.07168	-0.09277
3.517	-0.07595	-0.09053
3.566	-0.08035	-0.08802
3.615	-0.08489	-0.08527
3.664	-0.08958	-0.08231
3.713	-0.09441	-0.07916
3.762	-0.09938	-0.07585
3.81	-0.1045	-0.07241
3.859	-0.1097	-0.06887
3.908	-0.1151	-0.06524
3.957	-0.1206	-0.06154
4.006	-0.1263	-0.0578
4.055	-0.132	-0.05402
4.104	-0.1378	-0.05021
4.152	-0.1436	-0.04637
4.201	-0.1495	-0.0425
4.25	-0.1553	-0.03861
4.299	-0.1611	-0.03469
4.348	-0.1668	-0.03075
4.397	-0.1724	-0.02678
4.446	-0.1779	-0.02281
4.494	-0.1831	-0.01883
4.543	-0.1881	-0.01486
4.592	-0.1929	-0.01091
4.641	-0.1974	-0.006992
4.69	-0.2015	-0.003134
4.739	-0.2054	0.0006503
4.787	-0.2089	0.004341
4.836	-0.212	0.007918
4.885	-0.2147	0.01136
4.934	-0.2171	0.01466
4.983	-0.2191	0.01779
5.032	-0.2206	0.02074
5.081	-0.2218	0.02349
5.129	-0.2226	0.02603
5.178	-0.223	0.02836
5.227	-0.223	0.03047
5.276	-0.2226	0.03235
5.325	-0.2219	0.03401
5.374	-0.2208	0.03545
5.423	-0.2194	0.03667
5.471	-0.2178	0.0377
5.52	-0.2159	0.03854
5.569	-0.2138	0.0392
5.618	-0.2116	0.03972
5.667	-0.2092	0.0401
5.716	-0.2067	0.04037
5.765	-0.2041	0.04054
5.813	-0.2014	0.04063
5.862	-0.1987	0.04064
5.911	-0.196	0.04059
5.96	-0.1932	0.04048
6.009	-0.1904	0.0403
6.058	-0.1876	0.04005
6.106	-0.1847	0.03972
6.155	-0.1818	0.03929
6.204	-0.1788	0.03876
6.253	-0.1757	0.03809
6.302	-0.1725	0.03728
6.351	-0.1693	0.03631
6.4	-0.166	0.03517
6.448	-0.1626	0.03383
6.497	-0.1592	0.0323
6.546	-0.1558	0.03057
6.595	-0.1523	0.02863
6.644	-0.1489	0.02647
6.693	-0.1455	0.02411
6.742	-0.1423	0.02154
6.79	-0.1391	0.01876
6.839	-0.136	0.01578
6.888	-0.133	0.01262
6.937	-0.1303	0.009271
6.986	-0.1276	0.005761
7.035	-0.1252	0.002104
7.084	-0.1229	-0.001677
7.132	-0.1208	-0.005558
7.181	-0.1189	-0.009508
7.23	-0.117	-0.0135
7.279	-0.1154	-0.01748
7.328	-0.1138	-0.02143
7.377	-0.1123	-0.0253
7.426	-0.1108	-0.02905
7.474	-0.1094	-0.03264
7.523	-0.108	-0.03602
7.572	-0.1065	-0.03917
7.621	-0.1051	-0.04205
7.67	-0.1036	-0.04464
7.719	-0.1021	-0.04692
7.767	-0.1005	-0.04887
7.816	-0.0988	-0.0505
7.865	-0.09705	-0.05182
7.914	-0.09523	-0.05282
7.963	-0.09332	-0.05354
8.012	-0.09131	-0.05399
8.061	-0.08922	-0.05419
8.109	-0.08702	-0.05418
8.158	-0.08471	-0.05397
8.207	-0.08227	-0.05359
8.256	-0.07969	-0.05306
8.305	-0.07696	-0.0524
8.354	-0.07406	-0.05162
8.403	-0.07097	-0.05072
8.451	-0.06767	-0.04972
8.5	-0.06416	-0.04863
8.549	-0.06039	-0.04743
8.598	-0.05637	-0.04614
8.647	-0.05209	-0.04475
8.696	-0.04753	-0.04329
8.745	-0.04269	-0.04175
8.793	-0.03755	-0.04015
8.842	-0.03214	-0.0385
8.891	-0.02643	-0.03683
8.94	-0.02044	-0.03517
8.989	-0.01417	-0.03354
9.038	-0.007631	-0.03198
9.086	-0.0008309	-0.03052
9.135	0.00622	-0.0292
9.184	0.01351	-0.02806
9.233	0.02102	-0.02714
9.282	0.02874	-0.02647
9.331	0.03666	-0.02607
9.38	0.04475	-0.02597
9.428	0.05301	-0.02619
9.477	0.06142	-0.02671
9.526	0.06996	-0.02755
9.575	0.07862	-0.02868
9.624	0.08738	-0.03007
9.673	0.09624	-0.03169
9.722	0.1052	-0.0335
9.77	0.1142	-0.03543
9.819	0.1232	-0.03744
9.868	0.1323	-0.03947
9.917	0.1414	-0.04145
9.966	0.1505	-0.04334
10.01	0.1596	-0.04508
10.06	0.1686	-0.04663
10.11	0.1775	-0.04793
10.16	0.1863	-0.04895
10.21	0.195	-0.04967
10.26	0.2035	-0.05005
10.31	0.2118	-0.05008
10.36	0.2199	-0.04975
10.41	0.2277	-0.04904
10.45	0.2353	-0.04796
10.5	0.2426	-0.0465
10.55	0.2495	-0.04467
10.6	0.256	-0.04246
10.65	0.2622	-0.03989
10.7	0.2679	-0.03697
10.75	0.2732	-0.03371
10.8	0.278	-0.03013
10.85	0.2823	-0.02626
10.89	0.2862	-0.02211
10.94	0.2895	-0.01771
10.99	0.2922	-0.01309
11.04	0.2944	-0.008284
11.09	0.296	-0.003317
11.14	0.2969	0.001775
11.19	0.2972	0.00696
11.24	0.2968	0.01221
11.28	0.2958	0.01749
11.33	0.2941	0.02277
11.38	0.2917	0.02804
11.43	0.2886	0.03326
11.48	0.2848	0.03843
11.53	0.2804	0.04351
11.58	0.2754	0.04851
11.63	0.2698	0.05341
11.68	0.2637	0.0582
11.72	0.2571	0.06289
11.77	0.25	0.06746
11.82	0.2426	0.07192
11.87	0.2348	0.07625
11.92	0.2267	0.08045
11.97	0.2184	0.08451
12.02	0.2099	0.08841
12.07	0.2013	0.09215
12.12	0.1926	0.09569
12.16	0.1838	0.09902
12.21	0.175	0.1021
12.26	0.1662	0.1049
12.31	0.1575	0.1074
12.36	0.1489	0.1096
12.41	0.1404	0.1115
12.46	0.132	0.1129
12.51	0.1237	0.114
12.55	0.1156	0.1146
12.6	0.1076	0.1147
12.65	0.09978	0.1145
12.7	0.09214	0.1137
12.75	0.08467	0.1125
12.8	0.07735	0.1109
12.85	0.0702	0.1089
12.9	0.06319	0.1064
12.95	0.05633	0.1037
12.99	0.0496	0.1006
13.04	0.043	0.09727
13.09	0.03652	0.09377
13.14	0.03014	0.09015
13.19	0.02386	0.08645
13.24	0.01767	0.08274
13.29	0.01154	0.07908
13.34	0.005459	0.07551
13.39	-0.0005833	0.07208
13.43	-0.006606	0.06884
13.48	-0.01262	0.06581
13.53	-0.01864	0.06302
13.58	-0.02467	0.0605
13.63	-0.03072	0.05825
13.68	-0.03677	0.05628
13.73	-0.04283	0.05461
13.78	-0.04888	0.05322
13.83	-0.0549	0.05212
13.87	-0.06088	0.0513
13.92	-0.06677	0.05075
13.97	-0.07257	0.05046
14.02	-0.07823	0.05043
14.07	-0.08373	0.05064
14.12	-0.08905	0.05109
14.17	-0.09414	0.05176
14.22	-0.09898	0.05264
14.26	-0.1035	0.05372
14.31	-0.1078	0.05498
14.36	-0.1118	0.05641
14.41	-0.1154	0.05799
14.46	-0.1186	0.0597
14.51	-0.1215	0.06153
14.56	-0.124	0.06345
14.61	-0.126	0.06545
14.66	-0.1277	0.0675
14.7	-0.1289	0.06958
14.75	-0.1297	0.07167
14.8	-0.13	0.07376
14.85	-0.1299	0.07582
14.9	-0.1293	0.07783
14.95	-0.1282	0.07978
15	-0.1265	0.08165
15.05	-0.1244	0.08342
15.1	-0.1218	0.08508
15.14	-0.1186	0.08662
15.19	-0.1149	0.08802
15.24	-0.1108	0.08928
15.29	-0.1061	0.09038
15.34	-0.101	0.09133
15.39	-0.09542	0.09213
15.44	-0.08947	0.09277
15.49	-0.08316	0.09325
15.53	-0.07654	0.09359
15.58	-0.06965	0.09377
15.63	-0.06256	0.0938
15.68	-0.05531	0.09368
15.73	-0.04796	0.0934
15.78	-0.04056	0.09296
15.83	-0.03316	0.09234
15.88	-0.02581	0.09154
15.93	-0.01856	0.09054
15.97	-0.01144	0.08933
16.02	-0.004481	0.0879
16.07	0.002281	0.08624
16.12	0.008826	0.08434
16.17	0.01513	0.08222
16.22	0.02119	0.07987
16.27	0.02698	0.07731
16.32	0.03248	0.07455
16.37	0.0377	0.07163
16.41	0.0426	0.06856
16.46	0.04717	0.06538
16.51	0.05139	0.0621
16.56	0.05524	0.05877
16.61	0.05869	0.05539
16.66	0.06171	0.052
16.71	0.06425	0.0486
16.76	0.0663	0.04521
16.81	0.06782	0.04183
16.85	0.06876	0.03846
16.9	0.06912	0.03509
16.95	0.06886	0.03171
17	0.06796	0.02832
17.05	0.06642	0.02489
17.1	0.06423	0.02142
17.15	0.0614	0.01789
17.2	0.05797	0.0143
17.24	0.05396	0.01065
17.29	0.0494	0.00693
17.34	0.04435	0.003142
17.39	0.03886	-0.000707
17.44	0.03299	-0.004613
17.49	0.0268	-0.00857
17.54	0.02036	-0.01257
17.59	0.01373	-0.01661
17.64	0.006985	-0.02069
17.68	0.0001789	-0.02481
17.73	-0.006625	-0.02895
17.78	-0.01337	-0.03313
17.83	-0.02001	-0.03733
17.88	-0.0265	-0.04156
17.93	-0.0328	-0.0458
17.98	-0.03889	-0.05005
18.03	-0.04474	-0.0543
18.08	-0.05036	-0.05852
18.12	-0.05572	-0.0627
18.17	-0.06082	-0.06682
18.22	-0.06567	-0.07085
18.27	-0.07028	-0.07476
18.32	-0.07464	-0.07853
18.37	-0.07875	-0.08214
18.42	-0.08262	-0.08555
18.47	-0.08624	-0.08876
18.51	-0.08961	-0.09174
18.56	-0.09272	-0.09448
18.61	-0.09557	-0.09697
18.66	-0.09813	-0.0992
18.71	-0.1004	-0.1012
18.76	-0.1023	-0.1029
18.81	-0.104	-0.1043
18.86	-0.1052	-0.1055
18.91	-0.1061	-0.1064
18.95	-0.1067	-0.1071
19	-0.1068	-0.1076
19.05	-0.1065	-0.1078
19.1	-0.1058	-0.1078
19.15	-0.1047	-0.1075
19.2	-0.1031	-0.1071
19.25	-0.1012	-0.1064
19.3	-0.09881	-0.1055
19.35	-0.09604	-0.1044
19.39	-0.09291	-0.1031
19.44	-0.08942	-0.1017
19.49	-0.08562	-0.09997
19.54	-0.08154	-0.09807
19.59	-0.07722	-0.09597
19.64	-0.0727	-0.09366
19.69	-0.06802	-0.09116
19.74	-0.06322	-0.08846
19.79	-0.05834	-0.08557
19.83	-0.05343	-0.08249
19.88	-0.04851	-0.07925
19.93	-0.04363	-0.07584
19.98	-0.0388	-0.07227
20.03	-0.03406	-0.06856
20.08	-0.02942	-0.06473
20.13	-0.0249	-0.06077
20.18	-0.0205	-0.05672
20.22	-0.01623	-0.05257
20.27	-0.01209	-0.04834
20.32	-0.008075	-0.04404
20.37	-0.004177	-0.0397
20.42	-0.000389	-0.0353
20.47	0.003299	-0.03087
20.52	0.006896	-0.02641
20.57	0.01041	-0.02192
20.62	0.01385	-0.01741
20.66	0.01722	-0.01286
20.71	0.02053	-0.00829
20.76	0.02375	-0.003686
20.81	0.0269	0.0009509
20.86	0.02995	0.005622
20.91	0.0329	0.01033
20.96	0.03572	0.01506
21.01	0.0384	0.01983
21.06	0.04091	0.02461
21.1	0.04323	0.0294
21.15	0.04534	0.03419
21.2	0.04723	0.03896
21.25	0.04887	0.04369
21.3	0.05026	0.04836
21.35	0.05139	0.05294
21.4	0.05225	0.05739
21.45	0.05286	0.06169
21.49	0.05322	0.06579
21.54	0.05334	0.06967
21.59	0.05325	0.07329
21.64	0.05297	0.07661
21.69	0.05253	0.0796
21.74	0.05194	0.08222
21.79	0.05125	0.08444
21.84	0.05048	0.08623
21.89	0.04966	0.08755
21.93	0.04882	0.08839
21.98	0.048	0.08871
22.03	0.04723	0.08849
22.08	0.04653	0.08772
22.13	0.04593	0.08638
22.18	0.04546	0.08446
22.23	0.04513	0.08195
22.28	0.04497	0.07888
22.33	0.04497	0.07523
22.37	0.04514	0.07104
22.42	0.04548	0.06633
22.47	0.04599	0.06112
22.52	0.04664	0.05545
22.57	0.04742	0.04936
22.62	0.0483	0.04289
22.67	0.04926	0.03608
22.72	0.05026	0.02896
22.77	0.05127	0.02159
22.81	0.05227	0.014
22.86	0.05324	0.006254
22.91	0.05414	-0.001615
22.96	0.05497	-0.009553
23.01	0.05571	-0.01751
23.06	0.05636	-0.02542
23.11	0.05692	-0.03324
23.16	0.05741	-0.0409
23.2	0.05783	-0.04834
23.25	0.0582	-0.05551
23.3	0.05853	-0.06234
23.35	0.05885	-0.06879
23.4	0.05917	-0.07479
23.45	0.05949	-0.08029
23.5	0.05983	-0.08527
23.55	0.06018	-0.0897
23.6	0.06053	-0.09355
23.64	0.06089	-0.09681
23.69	0.06123	-0.09948
23.74	0.06153	-0.1016
23.79	0.0618	-0.1031
23.84	0.06201	-0.104
23.89	0.06215	-0.1043
23.94	0.06223	-0.1041
23.99	0.06224	-0.1034
24.04	0.0622	-0.1023
24.08	0.06211	-0.1006
24.13	0.06199	-0.09846
24.18	0.06186	-0.09592
24.23	0.06173	-0.09297
24.28	0.06162	-0.08965
24.33	0.06155	-0.08597
24.38	0.06153	-0.08197
24.43	0.06157	-0.07767
24.47	0.06166	-0.0731
24.52	0.06181	-0.06828
24.57	0.06202	-0.06324
24.62	0.06227	-0.05801
24.67	0.06256	-0.0526
24.72	0.06285	-0.04706
24.77	0.06314	-0.04139
24.82	0.06339	-0.03562
24.87	0.06359	-0.02978
24.91	0.06371	-0.02389
24.96	0.06373	-0.01796
25.01	0.06362	-0.01203
25.06	0.06337	-0.006105
25.11	0.06295	-0.0002177
25.16	0.06235	0.005611
25.21	0.06155	0.01136
25.26	0.06054	0.01699
25.31	0.05931	0.02249
25.35	0.05783	0.02783
25.4	0.05611	0.03298
25.45	0.05412	0.03792
25.5	0.05187	0.04262
25.55	0.04934	0.04706
25.6	0.04653	0.05124
25.65	0.04344	0.05514
25.7	0.04009	0.05877
25.74	0.03647	0.06214
25.79	0.03259	0.06526
25.84	0.02847	0.06814
25.89	0.02411	0.07081
25.94	0.01954	0.07328
25.99	0.01476	0.07557
26.04	0.009786	0.07771
26.09	0.004638	0.0797
26.14	-0.0006739	0.08155
26.18	-0.006136	0.08326
26.23	-0.01174	0.08482
26.28	-0.01747	0.08622
26.33	-0.02331	0.08745
26.38	-0.02927	0.08848
26.43	-0.03533	0.08929
26.48	-0.04147	0.08984
26.53	-0.0477	0.09012
26.58	-0.05399	0.09009
26.62	-0.06033	0.08971
26.67	-0.0667	0.08898
26.72	-0.07308	0.08787
26.77	-0.07944	0.08635
26.82	-0.08576	0.08442
26.87	-0.092	0.08207
26.92	-0.09813	0.0793
26.97	-0.1041	0.0761
27.02	-0.1099	0.07248
27.06	-0.1155	0.06845
27.11	-0.1209	0.06403
27.16	-0.126	0.05925
27.21	-0.1308	0.05412
27.26	-0.1353	0.04869
27.31	-0.1394	0.04298
27.36	-0.1431	0.03704
27.41	-0.1465	0.03092
27.45	-0.1494	0.02467
27.5	-0.152	0.01835
27.55	-0.1541	0.01201
27.6	-0.1557	0.005727
27.65	-0.157	-0.0004496
27.7	-0.1577	-0.006448
27.75	-0.158	-0.01221
27.8	-0.1578	-0.01768
27.85	-0.1571	-0.02281
27.89	-0.156	-0.02756
27.94	-0.1545	-0.03189
27.99	-0.1525	-0.03578
28.04	-0.1501	-0.0392
28.09	-0.1474	-0.04216
28.14	-0.1442	-0.04466
28.19	-0.1407	-0.0467
28.24	-0.1369	-0.04831
28.29	-0.1328	-0.0495
28.33	-0.1285	-0.05032
28.38	-0.1238	-0.05078
28.43	-0.1189	-0.05093
28.48	-0.1138	-0.0508
28.53	-0.1084	-0.05041
28.58	-0.1027	-0.0498
28.63	-0.09679	-0.049
28.68	-0.09062	-0.04802
28.72	-0.08418	-0.04688
28.77	-0.07747	-0.04561
28.82	-0.07047	-0.04421
28.87	-0.06318	-0.04269
28.92	-0.05562	-0.04105
28.97	-0.04778	-0.0393
29.02	-0.03968	-0.03745
29.07	-0.03133	-0.0355
29.12	-0.02277	-0.03344
29.16	-0.01402	-0.03129
29.21	-0.005123	-0.02905
29.26	0.003883	-0.02673
29.31	0.01295	-0.02434
29.36	0.02204	-0.02189
29.41	0.0311	-0.01939
29.46	0.04008	-0.01687
29.51	0.04895	-0.01435
29.56	0.05764	-0.01185
29.6	0.06614	-0.009391
29.65	0.07438	-0.007009
29.7	0.08234	-0.004726
29.75	0.08999	-0.002568
29.8	0.09727	-0.0005581
29.85	0.1042	0.00128
29.9	0.1106	0.002933
29.95	0.1167	0.004389
30	0.1222	0.005643
30.04	0.1273	0.006693
30.09	0.1319	0.007545
30.14	0.136	0.008206
30.19	0.1396	0.00869
30.24	0.1427	0.009012
30.29	0.1453	0.009192
30.34	0.1475	0.009247
30.39	0.1493	0.009198
30.43	0.1507	0.009063
30.48	0.1517	0.008862
30.53	0.1523	0.00861
30.58	0.1527	0.008325
30.63	0.1529	0.00802
30.68	0.1528	0.007709
30.73	0.1524	0.007403
30.78	0.152	0.007115
30.83	0.1513	0.006855
30.87	0.1505	0.006631
30.92	0.1496	0.006453
30.97	0.1486	0.006325
31.02	0.1474	0.006254
31.07	0.1461	0.006242
31.12	0.1448	0.006291
31.17	0.1433	0.006399
31.22	0.1417	0.006564
31.27	0.1401	0.006783
31.31	0.1384	0.007051
31.36	0.1367	0.007362
31.41	0.1349	0.007712
31.46	0.1332	0.008096
31.51	0.1314	0.008511
31.56	0.1297	0.008953
31.61	0.128	0.00942
31.66	0.1264	0.009909
31.7	0.1249	0.01042
31.75	0.1234	0.01095
31.8	0.1221	0.0115
31.85	0.1209	0.01206
31.9	0.1198	0.01263
31.95	0.1189	0.01321
32	0.118	0.01379
32.05	0.1172	0.01436
32.1	0.1165	0.01491
32.14	0.1158	0.01544
32.19	0.1152	0.01593
32.24	0.1146	0.01638
32.29	0.114	0.01677
32.34	0.1134	0.01709
32.39	0.1129	0.01735
32.44	0.1123	0.01752
32.49	0.1116	0.01762
32.54	0.1109	0.01763
32.58	0.1101	0.01756
32.63	0.1092	0.01741
32.68	0.1082	0.01719
32.73	0.107	0.01691
32.78	0.1057	0.01658
32.83	0.1042	0.01621
32.88	0.1024	0.01583
32.93	0.1004	0.01546
32.98	0.09807	0.0151
33.02	0.09548	0.0148
33.07	0.09259	0.01456
33.12	0.08938	0.0144
33.17	0.08585	0.01435
33.22	0.08201	0.01443
33.27	0.07786	0.01464
33.32	0.0734	0.015
33.37	0.06867	0.0155
33.41	0.06367	0.01617
33.46	0.05842	0.01699
33.51	0.05296	0.01796
33.56	0.04731	0.01909
33.61	0.04149	0.02035
33.66	0.03554	0.02176
33.71	0.02946	0.02329
33.76	0.0233	0.02495
33.81	0.01705	0.02671
33.85	0.01075	0.02859
33.9	0.00441	0.03056
33.95	-0.001968	0.03261
34	-0.00837	0.03474
34.05	-0.01479	0.03693
34.1	-0.02121	0.03916
34.15	-0.02764	0.04142
34.2	-0.03406	0.04369
34.25	-0.04047	0.04594
34.29	-0.04686	0.04815
34.34	-0.05323	0.05029
34.39	-0.05957	0.05235
34.44	-0.06588	0.05429
34.49	-0.07217	0.05611
34.54	-0.07843	0.05777
34.59	-0.08465	0.05927
34.64	-0.09085	0.0606
34.68	-0.09701	0.06174
34.73	-0.1031	0.06268
34.78	-0.1092	0.06343
34.83	-0.1153	0.06397
34.88	-0.1213	0.06431
34.93	-0.1273	0.06443
34.98	-0.1332	0.06434
35.03	-0.139	0.06401
35.08	-0.1447	0.06345
35.12	-0.1503	0.06263
35.17	-0.1557	0.06155
35.22	-0.1609	0.06018
35.27	-0.166	0.05852
35.32	-0.1708	0.05653
35.37	-0.1753	0.05422
35.42	-0.1796	0.05157
35.47	-0.1835	0.04857
35.52	-0.187	0.04522
35.56	-0.1901	0.04151
35.61	-0.1928	0.03746
35.66	-0.1951	0.03308
35.71	-0.1969	0.02839
35.76	-0.1982	0.02342
35.81	-0.199	0.01819
35.86	-0.1993	0.01274
35.91	-0.1992	0.007115
35.96	-0.1985	0.001352
36	-0.1974	-0.004504
36.05	-0.1959	-0.01041
36.1	-0.1939	-0.01633
36.15	-0.1915	-0.02221
36.2	-0.1887	-0.02802
36.25	-0.1856	-0.03373
36.3	-0.1821	-0.03931
36.35	-0.1783	-0.04474
36.39	-0.1741	-0.04999
36.44	-0.1697	-0.05505
36.49	-0.1651	-0.0599
36.54	-0.1602	-0.06454
36.59	-0.155	-0.06895
36.64	-0.1497	-0.07313
36.69	-0.1441	-0.07708
36.74	-0.1384	-0.08077
36.79	-0.1325	-0.08422
36.83	-0.1265	-0.08741
36.88	-0.1203	-0.09035
36.93	-0.114	-0.09303
36.98	-0.1076	-0.09547
37.03	-0.1012	-0.09765
37.08	-0.09472	-0.09959
37.13	-0.08824	-0.1013
37.18	-0.08177	-0.1028
37.23	-0.07535	-0.104
37.27	-0.06901	-0.105
37.32	-0.06278	-0.1059
37.37	-0.05671	-0.1065
37.42	-0.05082	-0.1069
37.47	-0.04515	-0.107
37.52	-0.03973	-0.107
37.57	-0.03461	-0.1067
37.62	-0.02982	-0.1061
37.66	-0.02539	-0.1053
37.71	-0.02135	-0.1042
37.76	-0.01772	-0.1028
37.81	-0.01454	-0.1011
37.86	-0.01181	-0.099
37.91	-0.00957	-0.09661
37.96	-0.007815	-0.09388
38.01	-0.006555	-0.0908
38.06	-0.005795	-0.08738
38.1	-0.005532	-0.08361
38.15	-0.005759	-0.07951
38.2	-0.006465	-0.07509
38.25	-0.007633	-0.07038
38.3	-0.009241	-0.0654
38.35	-0.01127	-0.06017
38.4	-0.01368	-0.05475
38.45	-0.01643	-0.04916
38.5	-0.01948	-0.04345
38.54	-0.02278	-0.03767
38.59	-0.02628	-0.03185
38.64	-0.02993	-0.02605
38.69	-0.03367	-0.0203
38.74	-0.03745	-0.01464
38.79	-0.04121	-0.009134
38.84	-0.04489	-0.003801
38.89	-0.04843	0.001318
38.94	-0.05178	0.00619
38.98	-0.05488	0.01079
39.03	-0.05768	0.01509
39.08	-0.06014	0.01906
39.13	-0.06222	0.0227
39.18	-0.06387	0.02598
39.23	-0.06506	0.0289
39.28	-0.06578	0.03144
39.33	-0.066	0.0336
39.37	-0.06571	0.03537
39.42	-0.0649	0.03674
39.47	-0.06358	0.03773
39.52	-0.06174	0.03831
39.57	-0.05939	0.0385
39.62	-0.05655	0.03829
39.67	-0.05323	0.03769
39.72	-0.04945	0.0367
39.77	-0.04523	0.03534
39.81	-0.0406	0.03362
39.86	-0.03557	0.03156
39.91	-0.03017	0.02918
39.96	-0.02443	0.0265
40.01	-0.01837	0.02354
40.06	-0.01203	0.02034
40.11	-0.005434	0.01693
40.16	0.001386	0.01333
40.21	0.008394	0.00957
40.25	0.01555	0.005685
40.3	0.02282	0.0017
40.35	0.03017	-0.002356
40.4	0.03753	-0.00646
40.45	0.04489	-0.01059
40.5	0.05217	-0.01472
40.55	0.05936	-0.01883
40.6	0.06639	-0.02292
40.64	0.07324	-0.02696
40.69	0.07987	-0.03095
40.74	0.08624	-0.03488
40.79	0.09232	-0.03874
40.84	0.0981	-0.04254
40.89	0.1035	-0.04625
40.94	0.1086	-0.04988
40.99	0.1134	-0.05341
41.04	0.1178	-0.05684
41.08	0.1217	-0.06016
41.13	0.1253	-0.06334
41.18	0.1285	-0.06638
41.23	0.1313	-0.06924
41.28	0.1336	-0.07192
41.33	0.1355	-0.07438
41.38	0.1369	-0.07661
41.43	0.1379	-0.07858
41.48	0.1384	-0.08027
41.52	0.1385	-0.08166
41.57	0.1381	-0.08274
41.62	0.1372	-0.08349
41.67	0.1358	-0.08392
41.72	0.134	-0.08402
41.77	0.1318	-0.08378
41.82	0.1291	-0.08322
41.87	0.126	-0.08235
41.91	0.1225	-0.08117
41.96	0.1186	-0.07971
42.01	0.1144	-0.07797
42.06	0.1099	-0.07598
42.11	0.1051	-0.07374
42.16	0.1001	-0.07129
42.21	0.09498	-0.06862
42.26	0.0897	-0.06575
42.31	0.08435	-0.0627
42.35	0.07895	-0.05947
42.4	0.07355	-0.05608
42.45	0.0682	-0.05253
42.5	0.06292	-0.04883
42.55	0.05773	-0.045
42.6	0.05266	-0.04103
42.65	0.04772	-0.03696
42.7	0.04292	-0.03279
42.75	0.03825	-0.02854
42.79	0.03372	-0.02423
42.84	0.02933	-0.01987
42.89	0.02506	-0.01549
42.94	0.02092	-0.0111
42.99	0.01691	-0.006736
43.04	0.01304	-0.002413
43.09	0.009303	0.001845
43.14	0.005725	0.006014
43.19	0.002318	0.01007
43.23	-0.0008983	0.01399
43.28	-0.003904	0.01776
43.33	-0.006679	0.02133
43.38	-0.009205	0.0247
43.43	-0.01147	0.02785
43.48	-0.01345	0.03074
43.53	-0.01516	0.03336
43.58	-0.01657	0.03569
43.62	-0.01771	0.03773
43.67	-0.01857	0.03945
43.72	-0.01916	0.04086
43.77	-0.0195	0.04195
43.82	-0.01959	0.04272
43.87	-0.01945	0.04318
43.92	-0.01908	0.04333
43.97	-0.0185	0.0432
44.02	-0.01771	0.0428
44.06	-0.01672	0.04216
44.11	-0.01553	0.04132
44.16	-0.01416	0.0403
44.21	-0.0126	0.03915
44.26	-0.01086	0.03791
44.31	-0.008948	0.03663
44.36	-0.006871	0.03536
44.41	-0.004635	0.03416
44.46	-0.002248	0.03307
44.5	0.0002785	0.03215
44.55	0.002934	0.03146
44.6	0.005705	0.03104
44.65	0.008578	0.03094
44.7	0.01153	0.03121
44.75	0.01455	0.03188
44.8	0.01762	0.03297
44.85	0.0207	0.03451
44.89	0.02377	0.0365
44.94	0.0268	0.03895
44.99	0.02977	0.04184
45.04	0.03264	0.04516
45.09	0.03539	0.0489
45.14	0.03799	0.05304
45.19	0.04041	0.05754
45.24	0.04262	0.06237
45.29	0.04461	0.06752
45.33	0.04636	0.07294
45.38	0.04785	0.07862
45.43	0.04907	0.08452
45.48	0.05001	0.09061
45.53	0.05066	0.09687
45.58	0.05103	0.1032
45.63	0.05111	0.1097
45.68	0.0509	0.1162
45.73	0.05041	0.1228
45.77	0.04962	0.1292
45.82	0.04855	0.1356
45.87	0.04718	0.1418
45.92	0.04551	0.1478
45.97	0.04354	0.1535
46.02	0.04127	0.1589
46.07	0.03869	0.1639
46.12	0.0358	0.1685
46.17	0.03261	0.1726
46.21	0.02912	0.1762
46.26	0.02533	0.1794
46.31	0.02127	0.1819
46.36	0.01695	0.184
46.41	0.01239	0.1855
46.46	0.007622	0.1866
46.51	0.002671	0.1871
46.56	-0.002434	0.1871
46.6	-0.007659	0.1867
46.65	-0.01297	0.1858
46.7	-0.01835	0.1845
46.75	-0.02375	0.1827
46.8	-0.02915	0.1806
46.85	-0.03451	0.178
46.9	-0.03982	0.1751
46.95	-0.04503	0.1719
47	-0.05012	0.1683
47.04	-0.05505	0.1644
47.09	-0.0598	0.1602
47.14	-0.06434	0.1557
47.19	-0.06864	0.1509
47.24	-0.07265	0.1459
47.29	-0.07637	0.1407
47.34	-0.07976	0.1352
47.39	-0.0828	0.1296
47.44	-0.08547	0.1237
47.48	-0.08776	0.1178
47.53	-0.08967	0.1116
47.58	-0.09119	0.1054
47.63	-0.09233	0.09909
47.68	-0.0931	0.0927
47.73	-0.0935	0.08626
47.78	-0.09355	0.07979
47.83	-0.09327	0.07332
47.87	-0.09267	0.06685
47.92	-0.09176	0.06042
47.97	-0.09056	0.05404
48.02	-0.08907	0.04772
48.07	-0.0873	0.04147
48.12	-0.08526	0.0353
48.17	-0.08293	0.02921
48.22	-0.08033	0.0232
48.27	-0.07746	0.01728
48.31	-0.0743	0.01142
48.36	-0.07087	0.00562
48.41	-0.06716	-0.0001314
48.46	-0.06319	-0.005849
48.51	-0.05895	-0.01155
48.56	-0.05446	-0.01724
48.61	-0.04974	-0.02293
48.66	-0.0448	-0.02862
48.71	-0.03965	-0.03433
48.75	-0.03431	-0.04004
48.8	-0.02881	-0.04574
48.85	-0.02316	-0.05142
48.9	-0.01738	-0.05707
48.95	-0.01149	-0.06265
49	-0.005517	-0.06813
49.05	0.000523	-0.07348
49.1	0.006607	-0.07868
49.15	0.01271	-0.08367
49.19	0.01882	-0.08844
49.24	0.02491	-0.09295
49.29	0.03096	-0.09716
49.34	0.03693	-0.1011
49.39	0.04282	-0.1046
49.44	0.04859	-0.1078
49.49	0.05423	-0.1107
49.54	0.0597	-0.1132
49.58	0.06499	-0.1153
49.63	0.07008	-0.117
49.68	0.07495	-0.1184
49.73	0.07959	-0.1195
49.78	0.08399	-0.1202
49.83	0.08815	-0.1206
49.88	0.09205	-0.1207
49.93	0.09569	-0.1205
49.98	0.09908	-0.1201
50.02	0.1022	-0.1194
50.07	0.1051	-0.1186
50.12	0.1077	-0.1175
50.17	0.11	-0.1162
50.22	0.1121	-0.1148
50.27	0.1139	-0.1133
50.32	0.1154	-0.1116
50.37	0.1166	-0.1099
50.42	0.1176	-0.1081
50.46	0.1183	-0.1063
50.51	0.1187	-0.1045
50.56	0.1188	-0.1028
50.61	0.1186	-0.1012
50.66	0.1182	-0.09964
50.71	0.1175	-0.09826
50.76	0.1165	-0.09706
50.81	0.1153	-0.09606
50.85	0.1139	-0.09528
50.9	0.1122	-0.09473
50.95	0.1103	-0.09442
51	0.1082	-0.09434
51.05	0.1059	-0.09448
51.1	0.1033	-0.09483
51.15	0.1006	-0.09536
51.2	0.0976	-0.09605
51.25	0.09442	-0.09687
51.29	0.09101	-0.09778
51.34	0.08735	-0.09877
51.39	0.08343	-0.09982
51.44	0.07923	-0.1009
51.49	0.07471	-0.102
51.54	0.06984	-0.1032
51.59	0.06459	-0.1043
51.64	0.05893	-0.1055
51.69	0.0528	-0.1068
51.73	0.0462	-0.1082
51.78	0.03908	-0.1096
51.83	0.03142	-0.1112
51.88	0.02322	-0.1129
51.93	0.01447	-0.1147
51.98	0.005171	-0.1168
52.03	-0.004653	-0.119
52.08	-0.01498	-0.1215
52.13	-0.02576	-0.1242
52.17	-0.03697	-0.1271
52.22	-0.04854	-0.1302
52.27	-0.06043	-0.1335
52.32	-0.07257	-0.137
52.37	-0.08491	-0.1408
52.42	-0.09739	-0.1447
52.47	-0.11	-0.1488
52.52	-0.1226	-0.1531
52.56	-0.1351	-0.1575
52.61	-0.1477	-0.162
52.66	-0.1601	-0.1666
52.71	-0.1723	-0.1713
52.76	-0.1844	-0.176
52.81	-0.1962	-0.1808
52.86	-0.2077	-0.1855
52.91	-0.2188	-0.1903
52.96	-0.2296	-0.195
53	-0.24	-0.1997
53.05	-0.2499	-0.2044
53.1	-0.2593	-0.2089
53.15	-0.2681	-0.2133
53.2	-0.2764	-0.2175
53.25	-0.2841	-0.2215
53.3	-0.2911	-0.2252
53.35	-0.2974	-0.2286
53.4	-0.3031	-0.2315
53.44	-0.3081	-0.2341
53.49	-0.3123	-0.2361
53.54	-0.3159	-0.2376
53.59	-0.3187	-0.2384
53.64	-0.3209	-0.2387
53.69	-0.3224	-0.2384
53.74	-0.3232	-0.2375
53.79	-0.3233	-0.2359
53.83	-0.3229	-0.2338
53.88	-0.3219	-0.2311
53.93	-0.3203	-0.2279
53.98	-0.3183	-0.2242
54.03	-0.3157	-0.2201
54.08	-0.3128	-0.2156
54.13	-0.3094	-0.2108
54.18	-0.3058	-0.2057
54.23	-0.3019	-0.2003
54.27	-0.2977	-0.1947
54.32	-0.2934	-0.1888
54.37	-0.289	-0.1827
54.42	-0.2845	-0.1764
54.47	-0.2799	-0.1698
54.52	-0.2754	-0.1631
54.57	-0.2708	-0.1561
54.62	-0.2663	-0.1489
54.67	-0.2619	-0.1415
54.71	-0.2574	-0.1339
54.76	-0.2531	-0.1261
54.81	-0.2487	-0.1181
54.86	-0.2443	-0.1099
54.91	-0.2399	-0.1015
54.96	-0.2354	-0.09303
55.01	-0.2309	-0.08439
55.06	-0.2262	-0.07562
55.11	-0.2212	-0.06672
55.15	-0.2161	-0.0577
55.2	-0.2107	-0.04857
55.25	-0.2049	-0.03931
55.3	-0.1988	-0.02994
55.35	-0.1922	-0.02045
55.4	-0.1852	-0.01083
55.45	-0.1777	-0.001071
55.5	-0.1697	0.008819
55.54	-0.1612	0.01885
55.59	-0.1521	0.02901
55.64	-0.1423	0.03931
55.69	-0.132	0.04974
55.74	-0.1211	0.0603
55.79	-0.1095	0.07097
55.84	-0.09737	0.08175
55.89	-0.08456	0.09263
55.94	-0.07112	0.1036
55.98	-0.05704	0.1146
56.03	-0.04231	0.1258
56.08	-0.02694	0.1369
56.13	-0.01091	0.1482
56.18	0.005788	0.1595
56.23	0.02317	0.1709
56.28	0.04124	0.1823
56.33	0.06002	0.1937
56.38	0.07952	0.2052
56.42	0.09973	0.2167
56.47	0.1207	0.2283
56.52	0.1423	0.2399
56.57	0.1647	0.2515
56.62	0.1877	0.263
56.67	0.2114	0.2745
56.72	0.2357	0.286
56.77	0.2605	0.2973
56.81	0.2859	0.3085
56.86	0.3117	0.3196
56.91	0.3379	0.3304
56.96	0.3645	0.3409
57.01	0.3913	0.3511
57.06	0.4183	0.3609
57.11	0.4454	0.3704
57.16	0.4726	0.3794
57.21	0.4998	0.3879
57.25	0.5269	0.3959
57.3	0.5539	0.4034
57.35	0.5807	0.4104
57.4	0.6072	0.4168
57.45	0.6333	0.4226
57.5	0.659	0.4279
57.55	0.6842	0.4326
57.6	0.7088	0.4367
57.65	0.7328	0.4403
57.69	0.756	0.4433
57.74	0.7784	0.4456
57.79	0.8	0.4474
57.84	0.8206	0.4485
57.89	0.8404	0.449
57.94	0.8591	0.4488
57.99	0.8769	0.4479
58.04	0.8936	0.4463
58.09	0.9092	0.4439
58.13	0.9238	0.4409
58.18	0.9372	0.4371
58.23	0.9494	0.4326
58.28	0.9604	0.4274
58.33	0.9702	0.4216
58.38	0.9787	0.4151
58.43	0.9858	0.408
58.48	0.9915	0.4003
58.52	0.9958	0.3921
58.57	0.9986	0.3835
58.62	0.9998	0.3744
58.67	0.9994	0.365
58.72	0.9974	0.3553
58.77	0.9937	0.3454
58.82	0.9883	0.3354
58.87	0.9811	0.3252
58.92	0.9722	0.315
58.96	0.9615	0.3048
59.01	0.9491	0.2947
59.06	0.9349	0.2848
59.11	0.919	0.2749
59.16	0.9014	0.2653
59.21	0.8821	0.2559
59.26	0.8613	0.2467
59.31	0.8389	0.2377
59.36	0.815	0.229
59.4	0.7897	0.2206
59.45	0.7631	0.2124
59.5	0.7352	0.2044
59.55	0.7062	0.1966
59.6	0.676	0.189
59.65	0.6449	0.1816
59.7	0.6129	0.1744
59.75	0.58	0.1672
59.79	0.5464	0.1602
59.84	0.5122	0.1533
59.89	0.4775	0.1464
59.94	0.4423	0.1395
59.99	0.4067	0.1326
60.04	0.3708	0.1258
60.09	0.3348	0.1189
60.14	0.2986	0.112
60.19	0.2623	0.1051
60.23	0.2262	0.09818
60.28	0.1901	0.09122
60.33	0.1543	0.08425
60.38	0.1187	0.07728
60.43	0.08351	0.07031
60.48	0.04875	0.06336
60.53	0.01451	0.05643
60.58	-0.01916	0.04952
60.63	-0.05219	0.04265
60.67	-0.08451	0.0358
60.72	-0.1161	0.02899
60.77	-0.1468	0.02219
60.82	-0.1767	0.0154
60.87	-0.2057	0.008619
60.92	-0.2338	0.001824
60.97	-0.261	-0.004994
61.02	-0.2871	-0.01185
61.06	-0.3123	-0.01874
61.11	-0.3366	-0.02569
61.16	-0.3598	-0.03271
61.21	-0.3822	-0.03979
61.26	-0.4036	-0.04694
61.31	-0.4241	-0.05417
61.36	-0.4438	-0.06147
61.41	-0.4627	-0.06885
61.46	-0.4809	-0.07631
61.5	-0.4985	-0.08385
61.55	-0.5154	-0.09147
61.6	-0.5319	-0.09917
61.65	-0.5479	-0.107
61.7	-0.5634	-0.1148
61.75	-0.5786	-0.1228
61.8	-0.5936	-0.1309
61.85	-0.6082	-0.139
61.9	-0.6227	-0.1473
61.94	-0.6371	-0.1557
61.99	-0.6513	-0.1642
62.04	-0.6654	-0.1728
62.09	-0.6795	-0.1815
62.14	-0.6936	-0.1903
62.19	-0.7077	-0.1991
62.24	-0.7217	-0.208
62.29	-0.7358	-0.217
62.34	-0.7498	-0.226
62.38	-0.7638	-0.235
62.43	-0.7778	-0.244
62.48	-0.7916	-0.253
62.53	-0.8053	-0.2619
62.58	-0.8188	-0.2708
62.63	-0.8321	-0.2796
62.68	-0.8451	-0.2883
62.73	-0.8578	-0.2969
62.77	-0.87	-0.3053
62.82	-0.8818	-0.3136
62.87	-0.8932	-0.3217
62.92	-0.9039	-0.3296
62.97	-0.9141	-0.3373
63.02	-0.9236	-0.3448
63.07	-0.9325	-0.3519
63.12	-0.9406	-0.3588
63.17	-0.948	-0.3654
63.21	-0.9545	-0.3716
63.26	-0.9602	-0.3775
63.31	-0.965	-0.383
63.36	-0.9688	-0.3882
63.41	-0.9716	-0.393
63.46	-0.9734	-0.3974
63.51	-0.974	-0.4014
63.56	-0.9736	-0.405
63.61	-0.9719	-0.4083
63.65	-0.9691	-0.4111
63.7	-0.9651	-0.4135
63.75	-0.9599	-0.4155
63.8	-0.9534	-0.4171
63.85	-0.9458	-0.4183
63.9	-0.937	-0.4189
63.95	-0.927	-0.4192
64	-0.9159	-0.4189
64.04	-0.9038	-0.4181
64.09	-0.8906	-0.4169
64.14	-0.8764	-0.4151
64.19	-0.8613	-0.4128
64.24	-0.8453	-0.41
64.29	-0.8285	-0.4066
64.34	-0.8109	-0.4028
64.39	-0.7925	-0.3983
64.44	-0.7735	-0.3934
64.48	-0.7537	-0.388
64.53	-0.7334	-0.3821
64.58	-0.7125	-0.3758
64.63	-0.691	-0.369
64.68	-0.6691	-0.3619
64.73	-0.6466	-0.3544
64.78	-0.6237	-0.3465
64.83	-0.6003	-0.3384
64.88	-0.5765	-0.33
64.92	-0.5524	-0.3213
64.97	-0.5278	-0.3124
65.02	-0.5028	-0.3033
65.07	-0.4776	-0.2941
65.12	-0.4519	-0.2847
65.17	-0.4261	-0.2752
65.22	-0.3999	-0.2656
65.27	-0.3735	-0.2559
65.32	-0.347	-0.2461
65.36	-0.3203	-0.2363
65.41	-0.2936	-0.2265
65.46	-0.2668	-0.2167
65.51	-0.2401	-0.2069
65.56	-0.2134	-0.1971
65.61	-0.187	-0.1873
65.66	-0.1607	-0.1776
65.71	-0.1348	-0.1679
65.75	-0.1091	-0.1583
65.8	-0.08388	-0.1487
65.85	-0.05907	-0.1392
65.9	-0.03472	-0.1298
65.95	-0.01088	-0.1204
66	0.01242	-0.1112
66.05	0.03519	-0.102
66.1	0.05742	-0.09296
66.15	0.0791	-0.08402
66.19	0.1003	-0.0752
66.24	0.1209	-0.0665
66.29	0.1411	-0.05793
66.34	0.1607	-0.04948
66.39	0.18	-0.04115
66.44	0.1987	-0.03293
66.49	0.2171	-0.0248
66.54	0.2351	-0.01674
66.59	0.2527	-0.008725
66.63	0.27	-0.0007147
66.68	0.2869	0.007322
66.73	0.3034	0.01542
66.78	0.3196	0.02363
66.83	0.3354	0.03197
66.88	0.3509	0.0405
66.93	0.3659	0.04923
66.98	0.3805	0.05821
67.02	0.3947	0.06743
67.07	0.4084	0.07693
67.12	0.4216	0.0867
67.17	0.4343	0.09674
67.22	0.4464	0.107
67.27	0.4578	0.1176
67.32	0.4686	0.1283
67.37	0.4788	0.1391
67.42	0.4883	0.1501
67.46	0.4971	0.1611
67.51	0.5053	0.1722
67.56	0.5127	0.1831
67.61	0.5195	0.194
67.66	0.5256	0.2047
67.71	0.5311	0.2152
67.76	0.5359	0.2254
67.81	0.5401	0.2352
67.86	0.5437	0.2447
67.9	0.5467	0.2538
67.95	0.5491	0.2624
68	0.5509	0.2705
68.05	0.5521	0.2782
68.1	0.5527	0.2853
68.15	0.5527	0.2919
68.2	0.5522	0.2979
68.25	0.5511	0.3034
68.3	0.5494	0.3083
68.34	0.5472	0.3127
68.39	0.5445	0.3165
68.44	0.5413	0.3199
68.49	0.5376	0.3227
68.54	0.5334	0.3251
68.59	0.5287	0.3271
68.64	0.5237	0.3286
68.69	0.5182	0.3297
68.73	0.5124	0.3304
68.78	0.5063	0.3307
68.83	0.4998	0.3306
68.88	0.493	0.3302
68.93	0.486	0.3294
68.98	0.4787	0.3282
69.03	0.4711	0.3267
69.08	0.4634	0.3248
69.13	0.4554	0.3225
69.17	0.4472	0.3198
69.22	0.4388	0.3167
69.27	0.4301	0.3132
69.32	0.4213	0.3093
69.37	0.4122	0.305
69.42	0.4029	0.3003
69.47	0.3933	0.2951
69.52	0.3836	0.2896
69.57	0.3736	0.2837
69.61	0.3633	0.2773
69.66	0.3528	0.2705
69.71	0.3421	0.2634
69.76	0.3312	0.2558
69.81	0.3201	0.2479
69.86	0.3088	0.2396
69.91	0.2972	0.231
69.96	0.2855	0.222
70	0.2736	0.2127
70.05	0.2616	0.2031
70.1	0.2494	0.1932
70.15	0.237	0.1831
70.2	0.2246	0.1728
70.25	0.212	0.1623
70.3	0.1994	0.1516
70.35	0.1867	0.1409
70.4	0.1741	0.13
70.44	0.1614	0.1192
70.49	0.1488	0.1083
70.54	0.1362	0.09753
70.59	0.1237	0.08679
70.64	0.1114	0.07616
70.69	0.09924	0.06565
70.74	0.08723	0.0553
70.79	0.07542	0.04513
70.84	0.06381	0.03514
70.88	0.05244	0.02536
70.93	0.04131	0.0158
70.98	0.03045	0.00645
71.03	0.01987	-0.002668
71.08	0.009591	-0.01155
71.13	-0.0003604	-0.0202
71.18	-0.009962	-0.02861
71.23	-0.01919	-0.03676
71.28	-0.02802	-0.04467
71.32	-0.03641	-0.05231
71.37	-0.04435	-0.0597
71.42	-0.0518	-0.06681
71.47	-0.05873	-0.07364
71.52	-0.06511	-0.0802
71.57	-0.07092	-0.08647
71.62	-0.07613	-0.09245
71.67	-0.08072	-0.09815
71.71	-0.08467	-0.1035
71.76	-0.08798	-0.1087
71.81	-0.09064	-0.1135
71.86	-0.09266	-0.118
71.91	-0.09404	-0.1222
71.96	-0.09481	-0.1261
72.01	-0.09499	-0.1297
72.06	-0.0946	-0.1329
72.11	-0.0937	-0.1358
72.15	-0.09231	-0.1384
72.2	-0.09048	-0.1407
72.25	-0.08825	-0.1426
72.3	-0.08566	-0.1441
72.35	-0.08276	-0.1452
72.4	-0.07959	-0.146
72.45	-0.07618	-0.1464
72.5	-0.07257	-0.1464
72.55	-0.06878	-0.146
72.59	-0.06483	-0.1452
72.64	-0.06075	-0.144
72.69	-0.05653	-0.1424
72.74	-0.05219	-0.1403
72.79	-0.04774	-0.1379
72.84	-0.04316	-0.135
72.89	-0.03848	-0.1317
72.94	-0.03367	-0.1281
72.98	-0.02876	-0.124
73.03	-0.02373	-0.1196
73.08	-0.0186	-0.1148
73.13	-0.01338	-0.1098
73.18	-0.008059	-0.1044
73.23	-0.002667	-0.09884
73.28	0.002787	-0.09304
73.33	0.008284	-0.08707
73.38	0.01381	-0.08098
73.42	0.01934	-0.07482
73.47	0.02485	-0.06863
73.52	0.03033	-0.06246
73.57	0.03576	-0.05637
73.62	0.04113	-0.05041
73.67	0.04642	-0.04462
73.72	0.05163	-0.03906
73.77	0.05674	-0.03376
73.82	0.06175	-0.02878
73.86	0.06667	-0.02413
73.91	0.07149	-0.01986
73.96	0.0762	-0.01597
74.01	0.08082	-0.0125
74.06	0.08534	-0.009433
74.11	0.08975	-0.006788
74.16	0.09406	-0.004559
74.21	0.09826	-0.002738
74.26	0.1023	-0.001318
74.3	0.1063	-0.0002847
74.35	0.1101	0.0003725
74.4	0.1137	0.0006664
74.45	0.1172	0.0006085
74.5	0.1204	0.0002043
74.55	0.1234	-0.0005341
74.6	0.1262	-0.001594
74.65	0.1287	-0.002968
74.69	0.131	-0.004642
74.74	0.1329	-0.006606
74.79	0.1345	-0.008841
74.84	0.1358	-0.01133
74.89	0.1367	-0.01404
74.94	0.1372	-0.01695
74.99	0.1374	-0.02001
75.04	0.1373	-0.02319
75.09	0.1367	-0.02645
75.13	0.1358	-0.02974
75.18	0.1345	-0.03301
75.23	0.1328	-0.03621
75.28	0.1307	-0.03931
75.33	0.1283	-0.04226
75.38	0.1254	-0.04503
75.43	0.1221	-0.04758
75.48	0.1184	-0.04989
75.53	0.1142	-0.05195
75.57	0.1096	-0.05374
75.62	0.1046	-0.05526
75.67	0.09901	-0.05651
75.72	0.09298	-0.05748
75.77	0.08645	-0.05819
75.82	0.07944	-0.05864
75.87	0.07193	-0.05885
75.92	0.06394	-0.05881
75.96	0.05549	-0.05854
76.01	0.04658	-0.05805
76.06	0.03724	-0.05734
76.11	0.02749	-0.05641
76.16	0.01736	-0.05527
76.21	0.006867	-0.05393
76.26	-0.003963	-0.05238
76.31	-0.01511	-0.05062
76.36	-0.02656	-0.04865
76.4	-0.0383	-0.04647
76.45	-0.05032	-0.04407
76.5	-0.06262	-0.04146
76.55	-0.07519	-0.03862
76.6	-0.08805	-0.03555
76.65	-0.1012	-0.03223
76.7	-0.1146	-0.02868
76.75	-0.1283	-0.02487
76.8	-0.1423	-0.02081
76.84	-0.1566	-0.01651
76.89	-0.1712	-0.01197
76.94	-0.1861	-0.007213
76.99	-0.2013	-0.002252
77.04	-0.2169	0.002878
77.09	-0.2327	0.008138
77.14	-0.2489	0.01348
77.19	-0.2655	0.01884
77.23	-0.2824	0.02416
77.28	-0.2996	0.02937
77.33	-0.3172	0.0344
77.38	-0.3352	0.03917
77.43	-0.3534	0.04362
77.48	-0.3719	0.04767
77.53	-0.3907	0.05126
77.58	-0.4097	0.05435
77.63	-0.4289	0.05687
77.67	-0.4482	0.0588
77.72	-0.4675	0.0601
77.77	-0.4868	0.06074
77.82	-0.5061	0.06072
77.87	-0.5252	0.06002
77.92	-0.544	0.05865
77.97	-0.5626	0.05659
78.02	-0.5808	0.05387
78.07	-0.5986	0.05048
78.11	-0.616	0.04645
78.16	-0.6327	0.04179
78.21	-0.6489	0.03653
78.26	-0.6645	0.03068
78.31	-0.6794	0.02427
78.36	-0.6935	0.01733
78.41	-0.7069	0.009901
78.46	-0.7195	0.002009
78.51	-0.7313	-0.006308
78.55	-0.7421	-0.01501
78.6	-0.752	-0.02407
78.65	-0.761	-0.03343
78.7	-0.7689	-0.04307
78.75	-0.7758	-0.05295
78.8	-0.7817	-0.06303
78.85	-0.7864	-0.07328
78.9	-0.79	-0.08366
78.94	-0.7924	-0.09415
78.99	-0.7937	-0.1047
79.04	-0.7939	-0.1154
79.09	-0.7929	-0.1261
79.14	-0.7907	-0.1369
79.19	-0.7874	-0.1477
79.24	-0.783	-0.1585
79.29	-0.7776	-0.1695
79.34	-0.7711	-0.1805
79.38	-0.7637	-0.1915
79.43	-0.7553	-0.2027
79.48	-0.7461	-0.2139
79.53	-0.736	-0.2252
79.58	-0.7252	-0.2366
79.63	-0.7137	-0.248
79.68	-0.7016	-0.2594
79.73	-0.6888	-0.2707
79.78	-0.6754	-0.282
79.82	-0.6616	-0.2931
79.87	-0.6472	-0.304
79.92	-0.6324	-0.3146
79.97	-0.6171	-0.3249
80.02	-0.6013	-0.3347
80.07	-0.5852	-0.344
80.12	-0.5686	-0.3527
80.17	-0.5516	-0.3608
80.21	-0.5342	-0.3681
80.26	-0.5163	-0.3747
80.31	-0.4981	-0.3804
80.36	-0.4793	-0.3852
80.41	-0.4602	-0.3891
80.46	-0.4406	-0.392
80.51	-0.4205	-0.3939
80.56	-0.4	-0.3947
80.61	-0.379	-0.3945
80.65	-0.3576	-0.3932
80.7	-0.3358	-0.3909
80.75	-0.3135	-0.3874
80.8	-0.2909	-0.3827
80.85	-0.2678	-0.377
80.9	-0.2443	-0.3701
80.95	-0.2204	-0.362
81	-0.1963	-0.3529
81.05	-0.1717	-0.3426
81.09	-0.1469	-0.3313
81.14	-0.1218	-0.319
81.19	-0.09646	-0.3057
81.24	-0.07088	-0.2914
81.29	-0.04511	-0.2764
81.34	-0.01916	-0.2606
81.39	0.006941	-0.2441
81.44	0.03316	-0.227
81.49	0.05947	-0.2094
81.53	0.08585	-0.1913
81.58	0.1123	-0.1729
81.63	0.1387	-0.1543
81.68	0.165	-0.1354
81.73	0.1914	-0.1165
81.78	0.2176	-0.09746
81.83	0.2436	-0.07847
81.88	0.2695	-0.05955
81.92	0.2952	-0.04077
81.97	0.3206	-0.02216
82.02	0.3458	-0.003781
82.07	0.3705	0.01433
82.12	0.3949	0.03214
82.17	0.4189	0.0496
82.22	0.4424	0.0667
82.27	0.4654	0.08342
82.32	0.4879	0.09972
82.36	0.5097	0.1156
82.41	0.531	0.131
82.46	0.5516	0.1461
82.51	0.5715	0.1606
82.56	0.5908	0.1747
82.61	0.6093	0.1884
82.66	0.6272	0.2016
82.71	0.6443	0.2143
82.76	0.6606	0.2265
82.8	0.6762	0.2383
82.85	0.6911	0.2495
82.9	0.7053	0.2602
82.95	0.7188	0.2704
83	0.7316	0.28
83.05	0.7438	0.289
83.1	0.7553	0.2974
83.15	0.7663	0.3052
83.19	0.7768	0.3123
83.24	0.7868	0.3188
83.29	0.7964	0.3247
83.34	0.8055	0.3299
83.39	0.8142	0.3346
83.44	0.8226	0.3388
83.49	0.8306	0.3424
83.54	0.8382	0.3455
83.59	0.8454	0.3482
83.63	0.8522	0.3505
83.68	0.8586	0.3525
83.73	0.8646	0.3542
83.78	0.8701	0.3556
83.83	0.875	0.3569
83.88	0.8795	0.358
83.93	0.8834	0.359
83.98	0.8868	0.36
84.03	0.8896	0.361
84.07	0.8919	0.3619
84.12	0.8936	0.3629
84.17	0.8948	0.364
84.22	0.8953	0.365
84.27	0.8954	0.3662
84.32	0.8948	0.3674
84.37	0.8936	0.3686
84.42	0.8919	0.3699
84.47	0.8895	0.3712
84.51	0.8865	0.3724
84.56	0.8828	0.3737
84.61	0.8784	0.3749
84.66	0.8732	0.376
84.71	0.8672	0.377
84.76	0.8604	0.378
84.81	0.8526	0.3788
84.86	0.8439	0.3794
84.9	0.8342	0.3799
84.95	0.8235	0.3801
85	0.8118	0.3802
85.05	0.799	0.3801
85.1	0.7852	0.3797
85.15	0.7703	0.3792
85.2	0.7544	0.3783
85.25	0.7376	0.3772
85.3	0.7198	0.3758
85.34	0.7012	0.3742
85.39	0.6817	0.3722
85.44	0.6615	0.3699
85.49	0.6406	0.3673
85.54	0.619	0.3644
85.59	0.597	0.3611
85.64	0.5744	0.3575
85.69	0.5514	0.3534
85.74	0.5281	0.349
85.78	0.5045	0.3443
85.83	0.4807	0.3392
85.88	0.4567	0.3337
85.93	0.4327	0.3278
85.98	0.4085	0.3217
86.03	0.3843	0.3152
86.08	0.3602	0.3084
86.13	0.3361	0.3015
86.17	0.3121	0.2942
86.22	0.2882	0.2869
86.27	0.2645	0.2794
86.32	0.241	0.2718
86.37	0.2177	0.2642
86.42	0.1947	0.2565
86.47	0.1719	0.2489
86.52	0.1494	0.2414
86.57	0.1273	0.234
86.61	0.1054	0.2268
86.66	0.08394	0.2197
86.71	0.06282	0.2128
86.76	0.04207	0.2061
86.81	0.0217	0.1995
86.86	0.001717	0.1931
86.91	-0.01788	0.1869
86.96	-0.0371	0.1808
87.01	-0.05594	0.1748
87.05	-0.07442	0.1688
87.1	-0.09255	0.1629
87.15	-0.1103	0.1569
87.2	-0.1278	0.1508
87.25	-0.145	0.1445
87.3	-0.1618	0.1381
87.35	-0.1784	0.1314
87.4	-0.1948	0.1244
87.45	-0.2109	0.1171
87.49	-0.2267	0.1095
87.54	-0.2423	0.1014
87.59	-0.2577	0.09294
87.64	-0.2728	0.08405
87.69	-0.2876	0.07472
87.74	-0.3022	0.06495
87.79	-0.3164	0.05473
87.84	-0.3304	0.04407
87.88	-0.344	0.03299
87.93	-0.3572	0.0215
87.98	-0.37	0.009612
88.03	-0.3825	-0.002641
88.08	-0.3945	-0.01523
88.13	-0.4062	-0.02813
88.18	-0.4174	-0.0413
88.23	-0.4282	-0.0547
88.28	-0.4386	-0.06829
88.32	-0.4486	-0.08203
88.37	-0.4582	-0.09588
88.42	-0.4674	-0.1098
88.47	-0.4763	-0.1237
88.52	-0.4849	-0.1376
88.57	-0.4931	-0.1513
88.62	-0.501	-0.165
88.67	-0.5085	-0.1785
88.72	-0.5158	-0.1918
88.76	-0.5227	-0.205
88.81	-0.5293	-0.2178
88.86	-0.5356	-0.2304
88.91	-0.5416	-0.2428
88.96	-0.5472	-0.2548
89.01	-0.5524	-0.2665
89.06	-0.5573	-0.2779
89.11	-0.5617	-0.2889
89.15	-0.5657	-0.2996
89.2	-0.5692	-0.3098
89.25	-0.5722	-0.3196
89.3	-0.5747	-0.329
89.35	-0.5766	-0.3379
89.4	-0.5778	-0.3463
89.45	-0.5784	-0.3542
89.5	-0.5782	-0.3616
89.55	-0.5773	-0.3684
89.59	-0.5756	-0.3747
89.64	-0.573	-0.3804
89.69	-0.5696	-0.3855
89.74	-0.5652	-0.3901
89.79	-0.5599	-0.3941
89.84	-0.5536	-0.3975
89.89	-0.5463	-0.4003
89.94	-0.538	-0.4025
89.99	-0.5287	-0.4041
90.03	-0.5185	-0.4051
90.08	-0.5072	-0.4055
90.13	-0.495	-0.4052
90.18	-0.4818	-0.4044
90.23	-0.4678	-0.4029
90.28	-0.4529	-0.4007
90.33	-0.4372	-0.398
90.38	-0.4208	-0.3946
90.43	-0.4037	-0.3907
90.47	-0.386	-0.3862
90.52	-0.3678	-0.3812
90.57	-0.3492	-0.3757
90.62	-0.3302	-0.3698
90.67	-0.3109	-0.3634
90.72	-0.2914	-0.3567
90.77	-0.2718	-0.3497
90.82	-0.2521	-0.3424
90.86	-0.2324	-0.3348
90.91	-0.2127	-0.3269
90.96	-0.1931	-0.3189
91.01	-0.1736	-0.3106
91.06	-0.1542	-0.3022
91.11	-0.1351	-0.2936
91.16	-0.1162	-0.2848
91.21	-0.09749	-0.276
91.26	-0.0791	-0.2669
91.3	-0.06104	-0.2578
91.35	-0.04332	-0.2485
91.4	-0.02598	-0.2392
91.45	-0.009062	-0.2298
91.5	0.00741	-0.2203
91.55	0.02339	-0.2107
91.6	0.03887	-0.2012
91.65	0.05382	-0.1916
91.7	0.06821	-0.1821
91.74	0.08204	-0.1726
91.79	0.09529	-0.1631
91.84	0.108	-0.1537
91.89	0.12	-0.1444
91.94	0.1316	-0.1352
91.99	0.1425	-0.1261
92.04	0.1529	-0.1171
92.09	0.1627	-0.1083
92.13	0.1719	-0.09959
92.18	0.1806	-0.09105
92.23	0.1888	-0.08267
92.28	0.1964	-0.07446
92.33	0.2034	-0.06642
92.38	0.2099	-0.05856
92.43	0.2159	-0.05086
92.48	0.2212	-0.04332
92.53	0.2259	-0.03594
92.57	0.2301	-0.02869
92.62	0.2336	-0.02156
92.67	0.2366	-0.01452
92.72	0.239	-0.007549
92.77	0.2408	-0.0006203
92.82	0.242	0.006291
92.87	0.2427	0.01321
92.92	0.2428	0.02015
92.97	0.2424	0.02714
93.01	0.2416	0.03418
93.06	0.2403	0.04128
93.11	0.2385	0.04845
93.16	0.2363	0.05568
93.21	0.2337	0.06296
93.26	0.2307	0.07028
93.31	0.2273	0.07764
93.36	0.2236	0.08503
93.4	0.2195	0.09242
93.45	0.2151	0.09981
93.5	0.2103	0.1072
93.55	0.2053	0.1145
93.6	0.1999	0.1219
93.65	0.1944	0.1291
93.7	0.1886	0.1364
93.75	0.1825	0.1435
93.8	0.1764	0.1506
93.84	0.17	0.1576
93.89	0.1636	0.1646
93.94	0.157	0.1714
93.99	0.1504	0.1781
94.04	0.1437	0.1847
94.09	0.1369	0.1912
94.14	0.1301	0.1975
94.19	0.1232	0.2036
94.24	0.1162	0.2096
94.28	0.1092	0.2154
94.33	0.1021	0.221
94.38	0.09496	0.2264
94.43	0.08777	0.2317
94.48	0.08054	0.2367
94.53	0.07326	0.2415
94.58	0.06597	0.246
94.63	0.05865	0.2504
94.68	0.05133	0.2545
94.72	0.04401	0.2585
94.77	0.0367	0.2621
94.82	0.02941	0.2656
94.87	0.02214	0.2687
94.92	0.01488	0.2716
94.97	0.007647	0.2742
95.02	0.0004312	0.2765
95.07	-0.006766	0.2784
95.11	-0.01394	0.28
95.16	-0.02109	0.2812
95.21	-0.0282	0.282
95.26	-0.03525	0.2823
95.31	-0.04223	0.2821
95.36	-0.04911	0.2814
95.41	-0.05586	0.2801
95.46	-0.06245	0.2784
95.51	-0.06884	0.276
95.55	-0.07502	0.2731
95.6	-0.08093	0.2695
95.65	-0.08657	0.2654
95.7	-0.09189	0.2607
95.75	-0.09688	0.2555
95.8	-0.1015	0.2497
95.85	-0.1058	0.2433
95.9	-0.1097	0.2365
95.95	-0.1132	0.2292
95.99	-0.1163	0.2214
96.04	-0.119	0.2132
96.09	-0.1213	0.2047
96.14	-0.1232	0.1958
96.19	-0.1247	0.1866
96.24	-0.1258	0.1772
96.29	-0.1265	0.1675
96.34	-0.1267	0.1577
96.38	-0.1266	0.1477
96.43	-0.1261	0.1376
96.48	-0.1251	0.1275
96.53	-0.1237	0.1174
96.58	-0.1219	0.1072
96.63	-0.1197	0.09721
96.68	-0.117	0.08729
96.73	-0.114	0.07753
96.78	-0.1105	0.06797
96.82	-0.1066	0.05865
96.87	-0.1024	0.0496
96.92	-0.09777	0.04085
96.97	-0.09283	0.03243
97.02	-0.08758	0.02435
97.07	-0.08204	0.01665
97.12	-0.07623	0.009339
97.17	-0.07018	0.002427
97.22	-0.06391	-0.004075
97.26	-0.05743	-0.01016
97.31	-0.05075	-0.01583
97.36	-0.04389	-0.02109
97.41	-0.03684	-0.02595
97.46	-0.02961	-0.03041
97.51	-0.02219	-0.0345
97.56	-0.01457	-0.03823
97.61	-0.006765	-0.04163
97.66	0.001235	-0.04473
97.7	0.009422	-0.04754
97.75	0.01779	-0.05009
97.8	0.02631	-0.05242
97.85	0.03496	-0.05453
97.9	0.04371	-0.05647
97.95	0.05252	-0.05823
98	0.06134	-0.05984
98.05	0.07013	-0.06131
98.09	0.07883	-0.06265
98.14	0.0874	-0.06387
98.19	0.0958	-0.06496
98.24	0.104	-0.06594
98.29	0.1119	-0.06681
98.34	0.1195	-0.06756
98.39	0.1268	-0.0682
98.44	0.1338	-0.06872
98.49	0.1405	-0.06914
98.53	0.1468	-0.06943
98.58	0.1527	-0.06962
98.63	0.1583	-0.06968
98.68	0.1636	-0.06961
98.73	0.1686	-0.06942
98.78	0.1732	-0.06909
98.83	0.1775	-0.06861
98.88	0.1814	-0.06799
98.93	0.1851	-0.06721
98.97	0.1885	-0.06629
99.02	0.1915	-0.06521
99.07	0.1942	-0.064
99.12	0.1967	-0.06266
99.17	0.1988	-0.06122
99.22	0.2006	-0.0597
99.27	0.2021	-0.05812
99.32	0.2033	-0.05652
99.36	0.2041	-0.05494
99.41	0.2046	-0.0534
99.46	0.2047	-0.05196
99.51	0.2046	-0.05064
99.56	0.204	-0.04947
99.61	0.2031	-0.0485
99.66	0.2018	-0.04774
99.71	0.2	-0.04722
99.76	0.1978	-0.04695
99.8	0.1952	-0.04696
99.85	0.192	-0.04724
99.9	0.1883	-0.04781
99.95	0.1841	-0.04866
100	0.1792	-0.04979
